"","stratum.id","age_minbin","age_cont_yrs_lcl","age_cont_yrs_med","age_cont_yrs_ucl","age_cont_yrs_mean","age_cont_prop_lcl","age_cont_prop_med","age_cont_prop_ucl","age_cont_prop_mean"
"1","North Carolina.1969.Female",0,1.24472314220511,1.47392767225616,1.72723308934036,1.47589867370613,0.161924432545359,0.187306432796435,0.214865628905734,0.187961535617432
"2","North Carolina.1969.Female",1,0.0804690621232393,0.132130835111164,0.19137063930394,0.133155998895767,0.0102115930288241,0.0168660936826691,0.0242277218304816,0.0169696203427758
"3","North Carolina.1969.Female",5,0.00931951766237043,0.0411092175753596,0.0737722332883142,0.041308668911781,0.00116965119025559,0.00523250657791743,0.00946229113715768,0.00526312387168425
"4","North Carolina.1969.Female",10,0.0064038330966564,0.0318142686775799,0.0581499306712234,0.0321363058721158,0.000796347853431586,0.00406910849739457,0.00748535931040276,0.00409514150304989
"5","North Carolina.1969.Female",15,-0.012693157772849,0.0236368388295249,0.0604054322460122,0.0244160881176269,-0.00163204205367492,0.00303240863061561,0.00769657217269008,0.00310733174363233
"6","North Carolina.1969.Female",20,0.0825130257986059,0.125413298750958,0.172085869825506,0.12585116626954,0.0106589732079809,0.0159564613412222,0.021640340666672,0.0160366432566571
"7","North Carolina.1969.Female",25,0.193410509390626,0.249407854558793,0.309266084405764,0.250392636753938,0.0249626720304491,0.0318810861216271,0.039786586894485,0.0319170958537529
"8","North Carolina.1969.Female",30,0.427132740620454,0.498721672641004,0.585913532869375,0.501130213565219,0.0543360400196543,0.0637169047033635,0.0742998478491312,0.0638782177681092
"9","North Carolina.1969.Female",35,0.531887226970216,0.616268027468604,0.712076744388397,0.619421604984172,0.067644521902145,0.0787669617260253,0.0909990455985863,0.0789559568739841
"10","North Carolina.1969.Female",40,0.658059424228611,0.76186630550173,0.859717684188786,0.76050293021061,0.0838553659583558,0.096908384626679,0.109912249400344,0.0969300115144448
"11","North Carolina.1969.Female",45,0.655486868773776,0.753823896091671,0.863095231476462,0.754864906223984,0.0842191218357275,0.095720823230293,0.109579577548554,0.096204080687774
"12","North Carolina.1969.Female",50,0.751149635180485,0.858568630550985,0.965601003473005,0.858419187437697,0.095886130318822,0.109418214652976,0.123815267554189,0.10941882477565
"13","North Carolina.1969.Female",55,0.743662424188299,0.844229689304736,0.956542052820941,0.845017555862979,0.0949010256683354,0.107306191599598,0.122468093387863,0.107717932628372
"14","North Carolina.1969.Female",60,0.6773824682257,0.782052550520111,0.891142788018426,0.783770997369506,0.0861373705481782,0.100016896738537,0.114109512537231,0.0998910016288895
"15","North Carolina.1969.Female",65,0.656095512935314,0.754455192310829,0.858456342300123,0.755490347254946,0.0843741419578055,0.0960588057160306,0.109171778673512,0.0962909049980321
"16","North Carolina.1969.Female",70,0.421338420242256,0.511487801825695,0.612531581745828,0.512851346903628,0.0538259724530679,0.0652191418099726,0.0777593121021511,0.0653595127212682
"17","North Carolina.1969.Female",75,0.0373783350423979,0.118982577694109,0.203394509054458,0.119426829772864,0.0047963881159154,0.0152892764486816,0.0256623581960663,0.0151937566792225
"18","North Carolina.1969.Female",80,-0.17571720508836,-0.111105814885462,-0.0493400775530279,-0.11139243282511,-0.0227404089285253,-0.0141221701910719,-0.0062128287587651,-0.0142266874036991
"19","North Carolina.1969.Female",85,-0.798634311809577,-0.632531255752532,-0.488061156434676,-0.633926201180241,-0.105437699993152,-0.0806508088192344,-0.0602438247198829,-0.0809640050610315
"20","North Carolina.1969.Male",0,1.29206247870027,1.50898071033786,1.75054041105929,1.51293184761836,0.158245305380129,0.180884393804681,0.206641487898665,0.181504253700444
"21","North Carolina.1969.Male",1,0.152555569041254,0.207727848604646,0.274064614838753,0.209221162636743,0.0182975114978813,0.0249576138142696,0.032889811695061,0.0251089318142282
"22","North Carolina.1969.Male",5,0.0446059991436718,0.0833374586841646,0.129633853807147,0.0833475413964329,0.00532628007926159,0.00994620350066143,0.0153284631433483,0.0100049277537579
"23","North Carolina.1969.Male",10,0.0139057120873609,0.0454520321077849,0.080692314002168,0.046246291887143,0.00168224497923113,0.00545458625466864,0.00962432749433825,0.00554605258539716
"24","North Carolina.1969.Male",15,0.04191363059691,0.107491959279684,0.178098417844341,0.108395392385289,0.00512731864054191,0.0129006670445682,0.0214763745651797,0.0129984793166463
"25","North Carolina.1969.Male",20,0.431919394362777,0.535497307249662,0.646427034681066,0.537154830813377,0.052210386847152,0.0643409555417294,0.0766688812604908,0.0644538608286019
"26","North Carolina.1969.Male",25,0.632959918070827,0.753892082203631,0.882718354720343,0.756074093937345,0.076381812692771,0.0904062711080044,0.105612438610985,0.0907413470255569
"27","North Carolina.1969.Male",30,0.615527916568584,0.727088233557782,0.848042380009671,0.730212257865136,0.0748996168848518,0.0873884415146064,0.101361677083679,0.0876375374593886
"28","North Carolina.1969.Male",35,0.801706264970649,0.914395664325266,1.03251175980319,0.913384947291307,0.09589889467301,0.109642093564152,0.12332677417174,0.109642418114074
"29","North Carolina.1969.Male",40,0.78898389030102,0.896086463510756,1.0143537441741,0.896703560012484,0.0947717413883431,0.107572593484326,0.121140194112836,0.107642941486712
"30","North Carolina.1969.Male",45,0.702022962853449,0.811679812863652,0.919772880934393,0.811979434134056,0.0844577288128785,0.097592753374163,0.110361990986412,0.0974668611634032
"31","North Carolina.1969.Male",50,0.494887334870193,0.594812362915117,0.700805829851511,0.595851760762521,0.059389055321518,0.0714127877871513,0.0832415372472151,0.0715172692650597
"32","North Carolina.1969.Male",55,0.447108631570579,0.541021900872177,0.641691699376445,0.542978576934345,0.053900178046576,0.0648004057028088,0.0771581837846072,0.0651815118294437
"33","North Carolina.1969.Male",60,0.331435370037029,0.423274608506154,0.509611702186504,0.422628224243151,0.0397080332570169,0.0507575412470964,0.0612932704752771,0.0507301977026241
"34","North Carolina.1969.Male",65,0.137865725883541,0.215526299067419,0.292079571620753,0.216016987331195,0.016775091104443,0.0259312663585083,0.0350823181031391,0.025916997751349
"35","North Carolina.1969.Male",70,0.108446971442595,0.172220492594175,0.236347872990536,0.171677700294629,0.013073718292887,0.0206689925863057,0.0283963366157155,0.0206025786956882
"36","North Carolina.1969.Male",75,-0.0140114855509773,0.0327423299582791,0.0801342406079065,0.0335291227769039,-0.0016956577725094,0.00394576382608748,0.00969521531946648,0.00401889983303567
"37","North Carolina.1969.Male",80,-0.108242303390945,-0.0735280961951235,-0.0413429356238177,-0.0737684363569416,-0.0129562362657775,-0.0088368972232975,-0.00495151854168913,-0.00886394884382151
"38","North Carolina.1969.Male",85,-0.237879616311243,-0.180861115998819,-0.128584181837614,-0.181832787175657,-0.0289988916951257,-0.0216957827491052,-0.0153786959646945,-0.021851117481589
"39","North Carolina.1970.Female",0,1.20163825534258,1.39825530803995,1.59286559235845,1.39395375194891,0.158112004806504,0.181597640323124,0.203910559674994,0.181261510146678
"40","North Carolina.1970.Female",1,0.0838610863087231,0.131151726271877,0.178143274655362,0.131607515266076,0.0109007382959005,0.0170882293154773,0.0232723394770288,0.0171255107307556
"41","North Carolina.1970.Female",5,0.0134606897445132,0.0430797411470603,0.0727395216389812,0.0433825015859396,0.0017337040279275,0.00560907183884372,0.00931948500204881,0.00564176268888025
"42","North Carolina.1970.Female",10,0.00680380528265141,0.0299969478282603,0.055991467635768,0.0307295520034987,0.000908856951308955,0.00391231253812259,0.00741906314698672,0.00399681325217317
"43","North Carolina.1970.Female",15,-0.00985244538431856,0.0244113641323251,0.0593655220419387,0.0248798130185641,-0.00128253988455073,0.00315247892125464,0.00767738698226705,0.00323321658208055
"44","North Carolina.1970.Female",20,0.0861080840834678,0.126405607475906,0.170645335662923,0.127359828477886,0.0111196733711945,0.0164274750139118,0.0220022076615746,0.016569998944842
"45","North Carolina.1970.Female",25,0.202132164160575,0.251512516264238,0.309212353425159,0.252041103044199,0.0262312199607168,0.0326586753479064,0.0399467658715757,0.0327887730025604
"46","North Carolina.1970.Female",30,0.415693945787478,0.483575616104767,0.555826980226122,0.485066046568314,0.0543625779972083,0.06295588678109,0.0724709985609216,0.0631136323619989
"47","North Carolina.1970.Female",35,0.537029505080052,0.609555735388865,0.69126202214211,0.608296910765219,0.0693848854229484,0.0791343462825213,0.0901657384760519,0.0791470669511431
"48","North Carolina.1970.Female",40,0.645005346132186,0.730569838474662,0.816799358406627,0.731924985180357,0.0836783747891626,0.0951242570671517,0.106535567403345,0.0952385477262055
"49","North Carolina.1970.Female",45,0.679111875743302,0.762018072177157,0.856871146523364,0.763230731159964,0.0881150799093032,0.099123088147247,0.111404569145753,0.0993046555377922
"50","North Carolina.1970.Female",50,0.734473889671275,0.828305931914702,0.923215893857111,0.828747744814472,0.0951816629844646,0.1079699918845,0.12008274384894,0.107831259468187
"51","North Carolina.1970.Female",55,0.701632741438933,0.78772427920911,0.888241831100293,0.78989232763357,0.0905026178013242,0.10259902495966,0.115774377832681,0.102782513367085
"52","North Carolina.1970.Female",60,0.687508185509239,0.781214982527753,0.869689888313052,0.780666658298901,0.0900950422716866,0.101347554817728,0.113901626266892,0.101572834944414
"53","North Carolina.1970.Female",65,0.647237056995834,0.733770092435145,0.820896483966006,0.733800857638501,0.0838955162170116,0.0953805507053474,0.107077937954194,0.0954775149451888
"54","North Carolina.1970.Female",70,0.509262629335344,0.594250385000377,0.688298524284276,0.596350219540618,0.0665258431210462,0.0774618977366427,0.0897631377197468,0.0775869015097859
"55","North Carolina.1970.Female",75,0.113846986729482,0.185909624051911,0.260834211981798,0.185449603189766,0.015029448593336,0.0241180426904672,0.0337143191043958,0.0241074534081415
"56","North Carolina.1970.Female",80,-0.171301195734233,-0.110965782530988,-0.0537047296538137,-0.111365460926949,-0.0223668173635297,-0.0144921617387227,-0.00694435239445922,-0.0145180255049237
"57","North Carolina.1970.Female",85,-0.875709385083222,-0.70490749212911,-0.566986461076781,-0.70779340317256,-0.115801331516869,-0.0919376225173437,-0.0711209850184413,-0.092261940062988
"58","North Carolina.1970.Male",0,1.3541708390047,1.55847061987249,1.76896795751919,1.55706910073125,0.16529659340456,0.187391842236476,0.20966744368828,0.187094804593629
"59","North Carolina.1970.Male",1,0.137406136654655,0.190702764590715,0.246143915576692,0.190985810739057,0.0164564328807747,0.0228709969387623,0.0294361855511909,0.0229562415720009
"60","North Carolina.1970.Male",5,0.0430511705661666,0.0769988222619469,0.118311031069208,0.0777105520198696,0.00511331037781791,0.00924011796164379,0.0142404674007775,0.00934042620061484
"61","North Carolina.1970.Male",10,0.0157555380851008,0.043939213622321,0.0747960008548398,0.0444857402776644,0.00192710968614757,0.00530152355474881,0.00892225954192001,0.00534422921913609
"62","North Carolina.1970.Male",15,0.0290996172812722,0.0860440207314252,0.147119849552916,0.0865933590494436,0.00349344857961045,0.0103466885732622,0.0175913040243501,0.0104039430084188
"63","North Carolina.1970.Male",20,0.441936085293895,0.529296261019986,0.628801892368972,0.532633766991981,0.0537864498710767,0.063747358812216,0.075376851585096,0.0640174972353511
"64","North Carolina.1970.Male",25,0.62180943139857,0.721077613988137,0.833839410494857,0.721368286277339,0.0745669459132747,0.0866124197290173,0.100017443864557,0.0867165187153057
"65","North Carolina.1970.Male",30,0.61940809183437,0.718490610740032,0.820581480951971,0.720006770673479,0.0749021258424188,0.0864485375224967,0.0979643205912228,0.0865473378382156
"66","North Carolina.1970.Male",35,0.833323113499807,0.932384204457089,1.03767053036025,0.932945644177808,0.100286307314509,0.111966986834284,0.125265229377734,0.112155111831361
"67","North Carolina.1970.Male",40,0.787083103625119,0.881905620473928,0.971794886647959,0.88236027540325,0.0949706872931645,0.105848886673519,0.117873392915835,0.106081788914942
"68","North Carolina.1970.Male",45,0.689529982323328,0.786190579331676,0.879263562349844,0.785451406570052,0.0833910441916648,0.0945831470469736,0.105344332819456,0.0944271052853438
"69","North Carolina.1970.Male",50,0.533298183123581,0.621698712797701,0.720998288522809,0.622877608222506,0.0642436569568375,0.0747324562402087,0.0860548562668872,0.074880249478213
"70","North Carolina.1970.Male",55,0.476921851117269,0.564339425096993,0.656596677087902,0.564326920566502,0.0576958153075979,0.0677553960200826,0.0781980725045982,0.0678387606345854
"71","North Carolina.1970.Male",60,0.316470460863087,0.392451029960543,0.469700873167558,0.392344204386249,0.0383841429849179,0.047086455401785,0.0561785820824236,0.0471564798306533
"72","North Carolina.1970.Male",65,0.184373046443214,0.248973338180251,0.321591452153367,0.249711175116017,0.0223292510869064,0.0300088697387975,0.0382269900426891,0.0300144930154199
"73","North Carolina.1970.Male",70,0.118220862438216,0.180101963196794,0.235073762693253,0.179045199245605,0.0144238603915888,0.0216191167249896,0.0282950638262318,0.0215143096694133
"74","North Carolina.1970.Male",75,-0.0095896131518312,0.0316618590737974,0.073890544329012,0.0320258944022117,-0.00118562647801473,0.00378809623165412,0.00894225102348436,0.00384461449450502
"75","North Carolina.1970.Male",80,-0.0991895967343749,-0.0697659588913625,-0.0375528113968687,-0.0695940216600975,-0.0120066978365715,-0.00842667558196122,-0.00451938687432359,-0.00837605284520521
"76","North Carolina.1970.Male",85,-0.232287390244192,-0.181790802531096,-0.134173698689162,-0.1824552317197,-0.0282271990670924,-0.0218200333155528,-0.0160329820581842,-0.0219578586919041
"77","North Carolina.1971.Female",0,1.12488555272032,1.3262008175287,1.51645690209113,1.3277631698459,0.158122731753404,0.182823718325962,0.206452647559142,0.182945152444339
"78","North Carolina.1971.Female",1,0.088799456655723,0.131914479982094,0.176109565167072,0.132262213360922,0.0121156507208023,0.0182064708856601,0.0242688663001836,0.0182311426320713
"79","North Carolina.1971.Female",5,0.0197252670925868,0.0471257118049499,0.0781481995145572,0.0475594315852416,0.0027058622900433,0.00643914369907786,0.0107149157235638,0.00655945066485979
"80","North Carolina.1971.Female",10,0.00509126481699161,0.0280062496918454,0.0529705775444665,0.028301960341585,0.000706573886415856,0.00386041015786061,0.00731012094092915,0.00390173875505715
"81","North Carolina.1971.Female",15,-0.00725038335829281,0.0210656742683403,0.0542312867132543,0.0220824708164774,-0.00103166898639556,0.00290020089593472,0.00748704417020063,0.00304380469486924
"82","North Carolina.1971.Female",20,0.0990446261547503,0.137945352425847,0.179087894361981,0.137728178059884,0.01358683025809,0.0189223333919809,0.0251068358471069,0.0189909602889758
"83","North Carolina.1971.Female",25,0.201059183457336,0.247485325254327,0.29482739557706,0.247855128536378,0.0277106758631472,0.0340965594811576,0.0405867191458479,0.0341747403000492
"84","North Carolina.1971.Female",30,0.397102111916286,0.457235164379153,0.527357440017426,0.458540101739942,0.0541835853753933,0.0632516227721261,0.0724060982941148,0.0632266458323758
"85","North Carolina.1971.Female",35,0.535949750607784,0.607075233329125,0.688054855702045,0.607477924700278,0.0742052381017374,0.0837123943030971,0.0945770908603901,0.0837710486803442
"86","North Carolina.1971.Female",40,0.622820728373778,0.700187484785652,0.780718527551815,0.700355522665558,0.0853961483985364,0.0965715244603326,0.10781764473084,0.0965670847639616
"87","North Carolina.1971.Female",45,0.647425924496771,0.731008601839387,0.816861849825285,0.731359799582685,0.089216507332609,0.100910970067958,0.112227977028746,0.100839331877796
"88","North Carolina.1971.Female",50,0.68275407176264,0.773426702448416,0.859368041334217,0.772245420692175,0.093829905281109,0.106592113902107,0.118379011533638,0.106472924891025
"89","North Carolina.1971.Female",55,0.629016497124306,0.709577817936504,0.78915943627535,0.709834416644891,0.0870342098993108,0.0978173184166801,0.109726285389264,0.0978802391210172
"90","North Carolina.1971.Female",60,0.710568904927537,0.801167224153296,0.891521201433678,0.801871341788814,0.0981653093234012,0.110506665914021,0.123154482180435,0.110566619527534
"91","North Carolina.1971.Female",65,0.564461921435815,0.64985023821692,0.731722531699005,0.649388190442485,0.0785377739455752,0.0895974855530091,0.100964814980003,0.0895276410860853
"92","North Carolina.1971.Female",70,0.595571424217761,0.680949063355114,0.766204126187358,0.680732629967559,0.0823435225923828,0.0939134230782428,0.105750398919154,0.0938526478738708
"93","North Carolina.1971.Female",75,0.0786539273186496,0.14393517858924,0.214813589787081,0.145512248851935,0.0108540902997142,0.0198595456516272,0.0297069999302287,0.0200442253299338
"94","North Carolina.1971.Female",80,-0.15436234100941,-0.0991166275227688,-0.0441142714865778,-0.0980939810661225,-0.0215737057001171,-0.0135831951848433,-0.00612458560024433,-0.0135495911402733
"95","North Carolina.1971.Female",85,-1.01325841923252,-0.844914699744468,-0.693864395640558,-0.847534477876261,-0.143518618305582,-0.116489038565336,-0.0936940205958619,-0.117045807623892
"96","North Carolina.1971.Male",0,1.06521773085888,1.25960149017002,1.45669262963129,1.25909737887935,0.136951181571357,0.158756128601525,0.181136915238099,0.158852940966765
"97","North Carolina.1971.Male",1,0.138742790654321,0.1834899193649,0.234576897163041,0.184483776346358,0.0175654948326035,0.0231627279337404,0.0294835315410216,0.0232876345806361
"98","North Carolina.1971.Male",5,0.0377605435800493,0.0709868780049772,0.107762022695049,0.0720297763832597,0.00475448225404373,0.00895258698971865,0.0136313766411089,0.00909285108171769
"99","North Carolina.1971.Male",10,0.0157448634192109,0.0417411971827878,0.070333102788527,0.041727605504157,0.00196782009117081,0.00523253281980207,0.00884572202171556,0.00526502869460595
"100","North Carolina.1971.Male",15,0.0297728093848428,0.0879135569780455,0.146969028359574,0.0878040170062282,0.00373733290706333,0.0110817312149731,0.0182014822158913,0.0110731128739205
"101","North Carolina.1971.Male",20,0.430956156066823,0.511146179700412,0.603370896000442,0.513939294116377,0.0543448661592878,0.0647138968675231,0.0761833837669079,0.0648690638520235
"102","North Carolina.1971.Male",25,0.555312927537649,0.653086450196714,0.757315977206748,0.653563447418857,0.0703866238202637,0.0824388150830381,0.0943603292611748,0.0824892178254248
"103","North Carolina.1971.Male",30,0.644282458936153,0.739700022439767,0.844499776210742,0.73992572307823,0.0816144088231716,0.0931418072091295,0.106434237870224,0.0934024311777557
"104","North Carolina.1971.Male",35,0.784582625801933,0.882720307253217,0.987755180995098,0.882166433229617,0.0999580949190875,0.111199821640802,0.12428741769797,0.111357437287296
"105","North Carolina.1971.Male",40,0.791521741162125,0.890253249294825,0.989435232346305,0.889103570936246,0.100617809935451,0.112299143610418,0.124361824692195,0.112242211433899
"106","North Carolina.1971.Male",45,0.714675099410407,0.803616813431286,0.894768783039825,0.804309012928298,0.090705248117457,0.101420258977209,0.113590867666016,0.101531507411854
"107","North Carolina.1971.Male",50,0.580324764066648,0.669459750320895,0.764987248081771,0.670497370136641,0.0734388752039054,0.0843009605421121,0.09634135131918,0.084639874672017
"108","North Carolina.1971.Male",55,0.438935407850887,0.51743874060816,0.602161574844897,0.519511120328884,0.0547783335770237,0.0653254438471892,0.0759667306303852,0.0655772461756162
"109","North Carolina.1971.Male",60,0.357504512166209,0.432275580972302,0.514299510478177,0.43344060513447,0.0456198909716277,0.054533703767143,0.064896120402196,0.0547064766141285
"110","North Carolina.1971.Male",65,0.13957127195034,0.200269912004734,0.272936127650045,0.201587142149372,0.0174797282633163,0.0253008297374903,0.0340499127478135,0.0254353066475365
"111","North Carolina.1971.Male",70,0.174136828426946,0.232212056479553,0.287989455161315,0.231975128195982,0.0219079812576248,0.0293371539361929,0.0360324115970521,0.0292765404430206
"112","North Carolina.1971.Male",75,-0.0370031413327326,0.00542437726589672,0.0443660595983009,0.00495621620518311,-0.00459016645701421,0.000677556313028661,0.00557215646182488,0.000617995451374729
"113","North Carolina.1971.Male",80,-0.0902581245183358,-0.0598621162845757,-0.0308171476397295,-0.0600602351029299,-0.0114507071269946,-0.00751390003124185,-0.00383268950352232,-0.00758932231626497
"114","North Carolina.1971.Male",85,-0.261584107182302,-0.206241458140792,-0.155968048697193,-0.206754182310275,-0.0333216391714493,-0.0259869727383434,-0.0194087255666884,-0.0261275548733271
"115","North Carolina.1972.Female",0,1.11098266595744,1.29706340473966,1.49609473861336,1.29958007956111,0.159922276293454,0.184113775671693,0.208097809352499,0.183867078284222
"116","North Carolina.1972.Female",1,0.0868179884785788,0.12889200821845,0.171048885684812,0.129045207672229,0.0125025006901009,0.0181154898119583,0.0241730804194987,0.0182644298365243
"117","North Carolina.1972.Female",5,0.0221578006300097,0.0479720422786891,0.0771203596516902,0.0488219122226234,0.00315399715441752,0.00679100994063966,0.0109059238475196,0.00691374396737898
"118","North Carolina.1972.Female",10,0.00367132000251216,0.0251561079128382,0.0489808345911483,0.0255458278829215,0.000526186253336532,0.00355122950895516,0.00703809855595078,0.00361615273966564
"119","North Carolina.1972.Female",15,-0.022024249358269,0.00744026096746389,0.0397938079115619,0.00817983687314861,-0.0031566882234813,0.00105519021319396,0.00559836444457523,0.00115398223131636
"120","North Carolina.1972.Female",20,0.109566474862238,0.146348606029598,0.188139558695703,0.14729126135082,0.015454138363402,0.0206809505444739,0.0269454633362087,0.0208562265359036
"121","North Carolina.1972.Female",25,0.197617846947427,0.240727446353622,0.284686163635273,0.241281565218498,0.0279947228246616,0.0340932956854655,0.0408186247334715,0.0341618980249031
"122","North Carolina.1972.Female",30,0.365818888675567,0.424651811664336,0.486125718242929,0.425725155622427,0.0520377194747,0.0601155683475746,0.0691332820512697,0.0602815416773882
"123","North Carolina.1972.Female",35,0.510665738486336,0.578457911613284,0.649494844369026,0.579668874213498,0.0722293115348415,0.0820149387335125,0.0925613438597028,0.0820847842483302
"124","North Carolina.1972.Female",40,0.587756096866239,0.661716103244876,0.737949890231912,0.663046754839205,0.083433214824049,0.0937052551440336,0.104946949921355,0.0938802106797855
"125","North Carolina.1972.Female",45,0.654220461885512,0.732226002086122,0.814766359933448,0.731678483690433,0.0927090786191709,0.103678631246449,0.115225827730883,0.103595342646168
"126","North Carolina.1972.Female",50,0.671562574260335,0.751519278474782,0.839621326946583,0.75259604673577,0.0947746287405464,0.106557382552557,0.119439135897982,0.106565067020151
"127","North Carolina.1972.Female",55,0.642317605122316,0.727641147476951,0.809733003259286,0.727013792900633,0.0908220566436295,0.10294314762336,0.114537816770289,0.102937414014029
"128","North Carolina.1972.Female",60,0.666776737501518,0.758153690565233,0.844877679716411,0.758269944168903,0.0951037981885062,0.107447491087681,0.119787679600999,0.107350914129605
"129","North Carolina.1972.Female",65,0.488738098706302,0.560140393522057,0.645090902476471,0.562413456096821,0.0694297225436827,0.0794397376852954,0.091407770917502,0.0796287913512157
"130","North Carolina.1972.Female",70,0.598700754933936,0.688814998762793,0.783084316088988,0.688444998868218,0.0848998911737745,0.097725276287451,0.110390906910209,0.0974666006751587
"131","North Carolina.1972.Female",75,0.0722382451249698,0.140510350882547,0.208495715139709,0.140460598194561,0.0100782937818475,0.0197814297271981,0.0291873433134844,0.0198678103460552
"132","North Carolina.1972.Female",80,-0.159469757153863,-0.102186401256141,-0.0438610765131538,-0.102088278478521,-0.0230197218996461,-0.0144865557290231,-0.00614667749711884,-0.014486342936591
"133","North Carolina.1972.Female",85,-0.905303318597148,-0.759072583238116,-0.60125759923085,-0.761582115200948,-0.132184351050598,-0.107960664644684,-0.083232689315247,-0.10800564547121
"134","North Carolina.1972.Male",0,1.05232329332076,1.24692711154241,1.44879512673451,1.24593356690858,0.13460641143902,0.156886495851245,0.178561329840184,0.15703409507192
"135","North Carolina.1972.Male",1,0.132510778830028,0.1771629116057,0.225067112769812,0.177321386709862,0.016726865733714,0.0222409003977213,0.0285650369835798,0.022360352850058
"136","North Carolina.1972.Male",5,0.0374389701664795,0.0684838512405423,0.102046925329826,0.0684207672561261,0.00474679496663336,0.00859564154183409,0.0127889862054196,0.00862806145840775
"137","North Carolina.1972.Male",10,0.00928859895023717,0.0356252679051765,0.0627087313071337,0.0356017702864552,0.00115346805482724,0.00446771171250276,0.00790308051221577,0.00448897537676186
"138","North Carolina.1972.Male",15,-0.00550476547349855,0.0473978031870553,0.103770971755467,0.0473390144921253,-0.000719901002052876,0.0060173782195868,0.0131524258024538,0.00596134033214041
"139","North Carolina.1972.Male",20,0.368643311888946,0.457570085376489,0.546911194411137,0.456879590605614,0.046785651154493,0.0577713935130579,0.0686954294634292,0.0576115727766979
"140","North Carolina.1972.Male",25,0.540605447848141,0.626868336481911,0.729065924279893,0.62798612478362,0.0681874725829016,0.0788925712030098,0.091093213568095,0.0791836368940352
"141","North Carolina.1972.Male",30,0.689044082263365,0.794112453249671,0.897712092459368,0.794324871984661,0.0881294938493485,0.100219737145271,0.113201178042469,0.100168106073656
"142","North Carolina.1972.Male",35,0.793434181505829,0.884024386841965,0.987518193430227,0.885326541838409,0.100273264381684,0.11139467687848,0.1244623360417,0.111653548704655
"143","North Carolina.1972.Male",40,0.808532863219461,0.901589317487245,0.999185297174846,0.900830462182365,0.101521902114355,0.113758156113512,0.126282799925416,0.113615815844942
"144","North Carolina.1972.Male",45,0.782830907257682,0.879821112500634,0.976229284237563,0.879587159583985,0.0992569379958055,0.110912736497345,0.122386238222106,0.110925866972495
"145","North Carolina.1972.Male",50,0.629708236757231,0.717740088545116,0.810667675359807,0.719350224863315,0.0801153114251435,0.0905880173074497,0.102052102428557,0.0907175129568489
"146","North Carolina.1972.Male",55,0.454086220399742,0.536125741827028,0.621270592347386,0.536437822121496,0.0571911906938933,0.0674607362393976,0.0775984738308443,0.0676471444245711
"147","North Carolina.1972.Male",60,0.353480067913945,0.426385818808328,0.506184391810362,0.428451124085039,0.0445710183012913,0.0537754308080739,0.0637156637220903,0.0540364884557241
"148","North Carolina.1972.Male",65,0.134877180375499,0.198743167722878,0.26156993115085,0.197846440736096,0.0172893364596331,0.0250589941456487,0.0324831498239389,0.0249437399510799
"149","North Carolina.1972.Male",70,0.138784392845794,0.199056516112621,0.256657544660539,0.19834628061613,0.0175343896568902,0.0251412723709964,0.032107552378394,0.0250095416125166
"150","North Carolina.1972.Male",75,-0.0391711894362176,5.65718702736365e-05,0.0418552783396998,0.00126534877259684,-0.00493707465666334,7.1891054392032e-06,0.00519909837460878,0.00014905128238644
"151","North Carolina.1972.Male",80,-0.0918412971125448,-0.0618883352635352,-0.0327832876143712,-0.0619262120544892,-0.011652538565266,-0.00777742303656441,-0.00411163655591525,-0.00781992918055296
"152","North Carolina.1972.Male",85,-0.262702065296959,-0.206832889686523,-0.159483086309906,-0.208421748974196,-0.0337349518365243,-0.0260279998675308,-0.0197359231637094,-0.0263149218583432
"153","North Carolina.1973.Female",0,0.987786295276691,1.17966477453035,1.38022721090516,1.17935488706189,0.147497444583734,0.172575899097665,0.198803679873033,0.172502190667248
"154","North Carolina.1973.Female",1,0.0868465981707293,0.127651353162083,0.169572494148155,0.127891903687236,0.0128990181405719,0.018645334373145,0.0246154909545858,0.0187217660806078
"155","North Carolina.1973.Female",5,0.0183526838906666,0.0450445089501314,0.0736044356297372,0.0451891243802412,0.0027223903207737,0.00658408571923153,0.0108782793830354,0.00661641088111562
"156","North Carolina.1973.Female",10,0.00486298750710156,0.0252737833249386,0.0507400325487168,0.0256226009654645,0.000690341893236859,0.00371388169473869,0.00729086670762134,0.00375267691075107
"157","North Carolina.1973.Female",15,-0.0313072957582282,-0.00101806297092797,0.0304661732203043,-0.000722442773054121,-0.00464023815184664,-0.000148081375610195,0.00445040976332647,-0.000111321181243303
"158","North Carolina.1973.Female",20,0.101991614382279,0.13958711832893,0.177685913592708,0.140435932377341,0.0151823670076872,0.0204723045133236,0.0261074791825375,0.0205619964014051
"159","North Carolina.1973.Female",25,0.202405888429233,0.245383614726006,0.2910320522087,0.245350592752775,0.029635100608163,0.0359213578750458,0.0425299521261757,0.0359257485996804
"160","North Carolina.1973.Female",30,0.33067045812689,0.384426480468667,0.44102852316801,0.3849712030267,0.0487152585761824,0.0561171493758855,0.064657382495346,0.0563671931612221
"161","North Carolina.1973.Female",35,0.462756101718069,0.526592967612752,0.591817991013749,0.526819770438562,0.0679143015363702,0.0771964939210674,0.0867696714720262,0.0771431318746644
"162","North Carolina.1973.Female",40,0.556712357599404,0.622302463573547,0.70259000109937,0.623329173001472,0.0813751496799299,0.0910681880603275,0.10304109225446,0.0912688162030111
"163","North Carolina.1973.Female",45,0.640383633371813,0.716532776312961,0.796518266970062,0.716378453766948,0.0930062472117512,0.104822258529346,0.116506445188034,0.104887697023624
"164","North Carolina.1973.Female",50,0.68496162277849,0.762981409662316,0.848836664315325,0.764079150708358,0.10045527005739,0.11184714799411,0.124299774969341,0.111863181673589
"165","North Carolina.1973.Female",55,0.603347951662002,0.686903692699651,0.777573439022884,0.687979639784563,0.0887302716468678,0.100837221525772,0.114081319559083,0.100722573074063
"166","North Carolina.1973.Female",60,0.672723980710608,0.757126133669957,0.853588462000715,0.757944246497236,0.0981746283590829,0.110858261677398,0.124629668404954,0.110968640334587
"167","North Carolina.1973.Female",65,0.49991884493621,0.582148976225149,0.671559355582236,0.582515635698474,0.0735719691738408,0.0854472312508416,0.0977037583278509,0.0852758040982909
"168","North Carolina.1973.Female",70,0.600690704441881,0.680657808442093,0.7729363627498,0.682072651428819,0.0879781910886223,0.0996752522923726,0.113115463506774,0.0998631523780127
"169","North Carolina.1973.Female",75,0.0727969814255858,0.143232044394749,0.211413018646324,0.1431224775051,0.0109686970794661,0.0210108529887616,0.0305062682396788,0.0209330554053943
"170","North Carolina.1973.Female",80,-0.154259080487675,-0.0974048585731062,-0.038604283978001,-0.0971742816939725,-0.0229923194770024,-0.0142918650452699,-0.00564548753958744,-0.0142597850834552
"171","North Carolina.1973.Female",85,-0.847196898871293,-0.699963922405959,-0.555491658402523,-0.702310988832916,-0.129447504532423,-0.10264672429429,-0.0794502136085759,-0.103002928502568
"172","North Carolina.1973.Male",0,0.970307708732242,1.16270285129164,1.35438320352907,1.16392497078284,0.131842783518383,0.154041364640387,0.17762474830511,0.154243743983207
"173","North Carolina.1973.Male",1,0.124256824498202,0.16531755293455,0.211463977968489,0.165762346600404,0.0164417981895225,0.0218577468874941,0.0277922612987392,0.0219815564151433
"174","North Carolina.1973.Male",5,0.0337115029232461,0.0640594496258889,0.0990236619280864,0.0645920224918042,0.0045256183202811,0.00846606077199204,0.0130082569343046,0.00856563614791871
"175","North Carolina.1973.Male",10,0.00980979713085426,0.0347825012070623,0.0602771933259366,0.035190333278179,0.0013131152316748,0.00458625842841129,0.0079547825971992,0.00466533989287228
"176","North Carolina.1973.Male",15,-0.0277603259421326,0.0292671182029016,0.0865186521219948,0.0288169224207143,-0.00371360501951005,0.0039012142963871,0.0113314676281,0.00380812473899253
"177","North Carolina.1973.Male",20,0.309668142893629,0.38780384579118,0.472428503437047,0.388658691107682,0.0409642431624655,0.0514063034444674,0.0624763971388349,0.051539751726825
"178","North Carolina.1973.Male",25,0.536732124575649,0.627366458248315,0.721058820224596,0.626712186381939,0.0716160853685859,0.0830455632455066,0.0956480320361429,0.083104561800256
"179","North Carolina.1973.Male",30,0.61610145278425,0.701603227186165,0.795809612365901,0.703689364084557,0.082070865994228,0.0932498366137481,0.104669518691426,0.0933142283839672
"180","North Carolina.1973.Male",35,0.7875351726565,0.879789588657052,0.984652998316256,0.880446050775761,0.104734052055922,0.116684583907477,0.129873981922574,0.116763144135901
"181","North Carolina.1973.Male",40,0.784235475357874,0.879268934646163,0.977000358718501,0.879726439346934,0.103748144196476,0.11674715533817,0.129937410440717,0.116675591606665
"182","North Carolina.1973.Male",45,0.790362807392994,0.891683331286115,0.986081114549591,0.892499760186011,0.105282021953949,0.118323871353914,0.131486277136382,0.118360492912686
"183","North Carolina.1973.Male",50,0.651076247625696,0.734225397308383,0.823839093315443,0.733890682371572,0.0867142670892297,0.0972495909413203,0.110009357023391,0.0973240955221364
"184","North Carolina.1973.Male",55,0.393101271888444,0.473726208926718,0.560095319164584,0.474361868776459,0.0524172182676601,0.0628621113768156,0.0741934151111772,0.0629075481839468
"185","North Carolina.1973.Male",60,0.348445895424051,0.420484385437915,0.500046376072238,0.422065722266007,0.0460855921401415,0.0558639921960339,0.066492147957568,0.0559641017369974
"186","North Carolina.1973.Male",65,0.10076790078432,0.166030125236249,0.235008366971841,0.16691525993493,0.0135349799056067,0.0220484905484917,0.0309265829063827,0.0221187355985701
"187","North Carolina.1973.Male",70,0.152404381956334,0.206476742727239,0.262581560003092,0.205971719254142,0.0202386180496619,0.0273513403733779,0.0348782305647635,0.027314407725726
"188","North Carolina.1973.Male",75,-0.05353077645734,-0.0162770842561345,0.0253391315099094,-0.0159241092789895,-0.00716440458787913,-0.00215346646937795,0.00337149915317265,-0.00212323667010856
"189","North Carolina.1973.Male",80,-0.0907446856286907,-0.0589079738462227,-0.0276729353847744,-0.0590662493755199,-0.0120996070304404,-0.00781529369942081,-0.0036101289565261,-0.00784373182912344
"190","North Carolina.1973.Male",85,-0.271586167060921,-0.214816521956012,-0.168003785922942,-0.216093317521909,-0.0365854888504199,-0.0285093581750543,-0.0220426261215579,-0.0286840920125781
"191","North Carolina.1974.Female",0,0.937477260401685,1.12408830488651,1.30517708081039,1.12719138067069,0.147979627337651,0.173946555208271,0.197999474541355,0.173938561760684
"192","North Carolina.1974.Female",1,0.0922064012365552,0.131256774852165,0.171117997932485,0.131570128871274,0.0143461877651796,0.0202569947786973,0.0268011182847831,0.020316803983612
"193","North Carolina.1974.Female",5,0.00872987987112226,0.0341629232518594,0.0606548541418571,0.0340392797756199,0.00131333216763269,0.00526769719813008,0.00935535795276875,0.00525809214951697
"194","North Carolina.1974.Female",10,0.005154448444719,0.0244947511817764,0.0491149149224735,0.025614105800082,0.000791575312986791,0.00383752468039862,0.00750744898810139,0.00395538415391009
"195","North Carolina.1974.Female",15,-0.0327143232787193,-0.00301661178731749,0.0274411514771328,-0.00283301359456499,-0.00502781297839173,-0.00046816929769884,0.00426422993202806,-0.000441112758200622
"196","North Carolina.1974.Female",20,0.100462159221142,0.13465061430306,0.171754363171188,0.13505739464027,0.0153764712599073,0.0207419902200701,0.0266298883280331,0.0208589298871361
"197","North Carolina.1974.Female",25,0.202844083938033,0.243889042397509,0.288167397524862,0.2446951841643,0.0314156507158845,0.0376622540774908,0.0447004817875475,0.0377926348945304
"198","North Carolina.1974.Female",30,0.31183170321818,0.356507585628643,0.413904717836262,0.357552839560666,0.0476254516747271,0.0551304224985572,0.0637153542612313,0.0552252795319932
"199","North Carolina.1974.Female",35,0.432477808845205,0.493055799561582,0.553040853303174,0.493407915968668,0.0669001316791307,0.0761778129167176,0.0855942412311426,0.0762018148483041
"200","North Carolina.1974.Female",40,0.507729542565759,0.576823161865612,0.649366770883948,0.576056107058088,0.0785534472163615,0.089015107328177,0.0999798281443648,0.0889601019082763
"201","North Carolina.1974.Female",45,0.590860366880352,0.667708276815131,0.748551500885726,0.66864379484344,0.091173699131107,0.103324990647057,0.115858755610401,0.103265734454373
"202","North Carolina.1974.Female",50,0.664539598052958,0.742888883719641,0.827956508545312,0.744621643900163,0.102304951732449,0.114989781957305,0.128092171830707,0.114990131387646
"203","North Carolina.1974.Female",55,0.610743955581457,0.694071512615767,0.786775124737558,0.69536227103807,0.094380759939311,0.107318667176429,0.120680029371264,0.107384762891995
"204","North Carolina.1974.Female",60,0.616687855060735,0.698718329656657,0.780379250362043,0.698923811952329,0.0950233604399825,0.107807793177344,0.121174962244722,0.107933400917694
"205","North Carolina.1974.Female",65,0.469218307384521,0.550797338717978,0.632459421887584,0.550082329694502,0.072377118807791,0.0849923514334641,0.097387437798998,0.0849430189405564
"206","North Carolina.1974.Female",70,0.594189499177569,0.682493101231141,0.779497236834936,0.683209469451998,0.092202997597466,0.105228389716967,0.120159004749602,0.105504442545017
"207","North Carolina.1974.Female",75,0.00829247792076606,0.0820433508095304,0.149227097277834,0.0810944613379142,0.00131312610822244,0.0126355355578896,0.0229651838987032,0.0124891935252253
"208","North Carolina.1974.Female",80,-0.114077242628832,-0.0475454060343131,0.0189647104394421,-0.0481873670722944,-0.0177139053113564,-0.0073331582406502,0.00293680643456169,-0.00747683389643695
"209","North Carolina.1974.Female",85,-0.880373716547775,-0.717719767975213,-0.564845550691095,-0.717993787015294,-0.140096651714614,-0.110874035838847,-0.084998648723286,-0.111100341125831
"210","North Carolina.1974.Male",0,0.896287590664228,1.07998876284544,1.28187220455744,1.08450219242839,0.124605154482055,0.146895677981326,0.169912364061937,0.146749087656993
"211","North Carolina.1974.Male",1,0.108618799800682,0.152234342606384,0.198787820914315,0.152448206020193,0.014660071018247,0.0205773332369029,0.0268014902780102,0.020642391200535
"212","North Carolina.1974.Male",5,0.0282173799777021,0.0560374220272815,0.0864215288814721,0.056420742203754,0.00380690056363929,0.00763176955185421,0.0118092305797621,0.00763874553761219
"213","North Carolina.1974.Male",10,0.00478309478171926,0.0299830916594349,0.0575197940991385,0.0306379597717457,0.000670168344645834,0.0040437907534838,0.00780499328528871,0.00414636963683412
"214","North Carolina.1974.Male",15,-0.038559656400117,0.0124853894095201,0.0666700232963888,0.0134055572084977,-0.00529179119977286,0.0016658119896273,0.00891048173075674,0.00180214912030956
"215","North Carolina.1974.Male",20,0.307248128665938,0.381463163344849,0.45882018659265,0.381697219061295,0.0417453354022699,0.051600951280012,0.0620246651692173,0.0516796914781559
"216","North Carolina.1974.Male",25,0.53259796923282,0.621131281959017,0.713390984663794,0.620751050405566,0.0720324637532428,0.0840105320598447,0.0965194577316614,0.0840620758368386
"217","North Carolina.1974.Male",30,0.539558853600731,0.622204778915844,0.71273661077162,0.622461153044329,0.0731173110921092,0.0842934443313569,0.0960846164113553,0.0842853675906684
"218","North Carolina.1974.Male",35,0.762764488710077,0.850174216632153,0.947875838655081,0.85041972321948,0.102759999440827,0.114919950662435,0.128388096468515,0.115164370488766
"219","North Carolina.1974.Male",40,0.805621799279663,0.896661535349211,0.993339936013321,0.897258197862606,0.109176379077745,0.121208296673358,0.134828379183341,0.121512716263724
"220","North Carolina.1974.Male",45,0.746906721899614,0.837794079712548,0.932506295523448,0.838636981905428,0.101087841792706,0.113362780191209,0.126412859323753,0.113561649172114
"221","North Carolina.1974.Male",50,0.661414685532235,0.748031839253949,0.837076284141008,0.747750308238195,0.0898000337144884,0.101190253972342,0.113027102869925,0.101259583669994
"222","North Carolina.1974.Male",55,0.481129300366724,0.560763081517708,0.649867075910649,0.562053105767789,0.0648230814194157,0.0760841349338064,0.0883481729386668,0.076105505424513
"223","North Carolina.1974.Male",60,0.360394121225646,0.438544272289165,0.518598869317473,0.439371806247146,0.0489971847466858,0.0594322087416305,0.0697708254341071,0.0594894775313928
"224","North Carolina.1974.Male",65,0.110116342742627,0.176317045560608,0.243548675556964,0.176561384204827,0.0150194210713642,0.0238649817995453,0.032746328174701,0.0238936190930343
"225","North Carolina.1974.Male",70,0.117524675209994,0.175040201821042,0.232809719140486,0.175084940758408,0.0159187416473294,0.0237097910444649,0.0312427711070094,0.0237059058607167
"226","North Carolina.1974.Male",75,-0.0157618987578739,0.0263793663511662,0.0716015423590054,0.0263104876256538,-0.00212835881567122,0.00356405191949732,0.00955616577177352,0.00355679933479035
"227","North Carolina.1974.Male",80,-0.0890494178293607,-0.0559574594155453,-0.0221333898952701,-0.05622990342823,-0.0121215143603416,-0.00757673313265911,-0.00296717679478761,-0.00762539779121332
"228","North Carolina.1974.Male",85,-0.288457714770933,-0.23262940282223,-0.179666899633036,-0.233349594926334,-0.0396746997423427,-0.0315030701560223,-0.0241062806582514,-0.0316301071057784
"229","North Carolina.1975.Female",0,0.921643459861803,1.09411566539303,1.2577715998339,1.09109421125671,0.145115357800708,0.168953417815721,0.192300266600126,0.168661339174836
"230","North Carolina.1975.Female",1,0.0982546100630508,0.135593346196213,0.177615708959951,0.135619208871334,0.0151830825699689,0.0209362103111703,0.0275762186830621,0.0209765665636938
"231","North Carolina.1975.Female",5,0.00469117881499001,0.0279935559173358,0.0544205274237638,0.0282679129718675,0.000739443616142886,0.00434846609611145,0.00841625996707984,0.00436970405714621
"232","North Carolina.1975.Female",10,0.00664162914337052,0.0258573362117067,0.0495033962728852,0.0263588217005659,0.00101907746848945,0.00399871839920729,0.00767139264760087,0.00407505902887554
"233","North Carolina.1975.Female",15,-0.0363952788072564,-0.0094851323016221,0.0202201331669413,-0.00918328286940198,-0.00565567878733746,-0.00145163911046927,0.00318658493441532,-0.00142229460004259
"234","North Carolina.1975.Female",20,0.0893088077451738,0.12056186467308,0.154576498145135,0.120953203616545,0.013736174907336,0.0187156872144579,0.0241078348823716,0.0187129139678337
"235","North Carolina.1975.Female",25,0.189636255220429,0.227051469087419,0.270017011340897,0.228355727013282,0.0293914283738703,0.0351295904524773,0.0418818796326315,0.0353220664254529
"236","North Carolina.1975.Female",30,0.291071052230323,0.333966139636663,0.391761084505979,0.336049220757201,0.0446733588221594,0.0519289795354396,0.0601251033691257,0.0519777483847008
"237","North Carolina.1975.Female",35,0.413316162381581,0.472887920685947,0.5350759743945,0.473572742610736,0.0640662200721699,0.073166940024916,0.082953637783694,0.0732522446307947
"238","North Carolina.1975.Female",40,0.478064584310469,0.543984473173321,0.61337148852751,0.545161775909575,0.0739682690656906,0.0842723992881115,0.0952693800133361,0.0843281481164806
"239","North Carolina.1975.Female",45,0.565437240832182,0.644303929880951,0.72146829726698,0.643149161173999,0.0871245356014133,0.0994234945466286,0.111738580983607,0.0994759362857635
"240","North Carolina.1975.Female",50,0.633659096401358,0.714036950463518,0.801161260392642,0.714687896930663,0.0975474982801794,0.110445908969746,0.123976982717153,0.110535236846509
"241","North Carolina.1975.Female",55,0.620344798528221,0.706711768654175,0.800472409462924,0.707466877412135,0.0959528423099528,0.10936147727126,0.124073211128176,0.109428174839288
"242","North Carolina.1975.Female",60,0.611370474559971,0.697667353178618,0.788628283201612,0.699113419720518,0.0953564744832526,0.107821181769055,0.122186731316381,0.108121289169688
"243","North Carolina.1975.Female",65,0.478085962491295,0.555207800329927,0.643439227119992,0.55597461885502,0.0737597441944134,0.0857465855847277,0.0988968272297508,0.0859846400905647
"244","North Carolina.1975.Female",70,0.621377240834398,0.701625878935504,0.798792064249293,0.704252513639732,0.0950419619144821,0.108791629244928,0.123174825948932,0.10891547814164
"245","North Carolina.1975.Female",75,0.0904430806768711,0.16546883400742,0.236916452684656,0.164100556837738,0.0142146523096487,0.0255047073526606,0.0361454215736276,0.0253491310324146
"246","North Carolina.1975.Female",80,-0.129545593268656,-0.061000251033392,0.00785732399113856,-0.061059633405118,-0.0201748308893368,-0.0093987281925925,0.00122591817219514,-0.00948805525226581
"247","North Carolina.1975.Female",85,-0.807214382732623,-0.633385517113532,-0.473111655647148,-0.6356731849404,-0.129895254100023,-0.0980837318983686,-0.0704928861328422,-0.098575326903375
"248","North Carolina.1975.Male",0,0.961686739744229,1.14911113629207,1.33223530818547,1.14830845353967,0.138906471118739,0.161698395225701,0.184912660527927,0.161958139883274
"249","North Carolina.1975.Male",1,0.106713687769394,0.149187756192961,0.192752520758068,0.149443589115619,0.0152079389143452,0.0210842551017971,0.0272928453730028,0.0210907173526872
"250","North Carolina.1975.Male",5,0.026910406737798,0.0547377112768007,0.0844008705710785,0.0547789822553831,0.00382057092633636,0.00769858951005217,0.01183741039131,0.00773101458578977
"251","North Carolina.1975.Male",10,0.000246549023388291,0.0240373435090802,0.0516494813735611,0.0241997206866507,3.66172667675647e-05,0.0034051239648926,0.00721479695511846,0.00341316145828096
"252","North Carolina.1975.Male",15,-0.0757966679653641,-0.0308736400458998,0.0184538206637528,-0.0295564347474198,-0.0108461873286062,-0.00433295004028458,0.00255457324890871,-0.00418748716180863
"253","North Carolina.1975.Male",20,0.237109691420885,0.307317157091091,0.378758811908681,0.307208912773483,0.0337271361317028,0.0434307864445154,0.0530752376777129,0.0433479672254847
"254","North Carolina.1975.Male",25,0.502935434964136,0.581922324951709,0.669444886072229,0.582529621041551,0.0704686670132154,0.0821348374904793,0.0946825261167638,0.0822200238806057
"255","North Carolina.1975.Male",30,0.505058710694202,0.580078647562931,0.669898788674332,0.581129897207813,0.071616624133951,0.0818739995092469,0.0940267566173735,0.082016143120645
"256","North Carolina.1975.Male",35,0.708168920106978,0.794617969737353,0.89145043736734,0.795697300894836,0.0994345511175422,0.1120134324073,0.12545496940765,0.11231302413894
"257","North Carolina.1975.Male",40,0.757401507407063,0.844019518871403,0.941957985628793,0.845809487619814,0.107727171804766,0.119081655481551,0.133447446796842,0.119377775326022
"258","North Carolina.1975.Male",45,0.697985863692003,0.780713532186799,0.870788117926979,0.781217976828263,0.0979366439926785,0.109874035798397,0.123317556453468,0.110270112476491
"259","North Carolina.1975.Male",50,0.68877554816018,0.777012020232712,0.865677918599553,0.777155071429796,0.0974187152458603,0.109450212442253,0.122835348231108,0.109698850280975
"260","North Carolina.1975.Male",55,0.480158675536999,0.562730286205211,0.656262299496054,0.564747224483699,0.068310470849031,0.0794322689477455,0.0919377709511756,0.0797038691566394
"261","North Carolina.1975.Male",60,0.311901185801807,0.391514649150195,0.472699865345238,0.392180307474537,0.0439973620280798,0.0552695635556111,0.066544293896909,0.0553416101730296
"262","North Carolina.1975.Male",65,0.154502448995163,0.22336032719964,0.289703492722632,0.223658590732747,0.0221487499266058,0.0314529383395526,0.0409921226933854,0.0315578001157001
"263","North Carolina.1975.Male",70,0.0912564986671394,0.146509360888081,0.208024432896566,0.147682636841495,0.0130192560688133,0.0206443030587228,0.0293877113779624,0.020830189294621
"264","North Carolina.1975.Male",75,-0.0256614637252686,0.0203113965058533,0.0658145192241955,0.0200585509630383,-0.00361406123093374,0.00287625403648898,0.00922312092956794,0.00282153405282776
"265","North Carolina.1975.Male",80,-0.0722203922179976,-0.038516203246505,-0.00287093574245554,-0.0381564561924481,-0.0101891222379383,-0.00540967629749733,-0.000400466842502135,-0.00539500511794489
"266","North Carolina.1975.Male",85,-0.298746000122647,-0.241006177341367,-0.185940550880928,-0.241414836663884,-0.0431403515933854,-0.0340369524242861,-0.0259972081726088,-0.0341094402422601
"267","North Carolina.1976.Female",0,0.75813958906196,0.927456587783695,1.1004939600554,0.930706099391357,0.132124328961975,0.158021755084044,0.185535580644015,0.15833675741856
"268","North Carolina.1976.Female",1,0.0961579938453215,0.136697759262793,0.179024702976984,0.136458002685944,0.016227099034711,0.0233001423435088,0.030620374731426,0.023235037245576
"269","North Carolina.1976.Female",5,0.00365523849525318,0.0268572408435372,0.0508183627332066,0.0265946875696893,0.000607000586119359,0.00456344832482626,0.00866431871576022,0.00452499111035094
"270","North Carolina.1976.Female",10,0.00378961335456282,0.023983091700716,0.04781838929658,0.0245625615893568,0.00065899599972787,0.00408557771542656,0.00816184295685851,0.00418010291491909
"271","North Carolina.1976.Female",15,-0.046904080233005,-0.020807925559493,0.00873375246303825,-0.020476143278945,-0.00808685039880652,-0.00354108211980018,0.0015325193320259,-0.00348996588232331
"272","North Carolina.1976.Female",20,0.0717977292742898,0.105066109525002,0.137473628298968,0.104763214566509,0.0123133507932509,0.0178300579363572,0.0235717230123119,0.0178335399231487
"273","North Carolina.1976.Female",25,0.179356084928753,0.214277401312453,0.251115956335085,0.21413846722221,0.0303747722043049,0.0365487498686605,0.0428443894481381,0.0364602490581133
"274","North Carolina.1976.Female",30,0.262346746097156,0.309060478781034,0.360462919974702,0.309809433198866,0.0443399768537073,0.0524658523696416,0.0618753391199276,0.0527555048502574
"275","North Carolina.1976.Female",35,0.401421118075686,0.45496088355886,0.513817937176272,0.455539551347751,0.0673014627964853,0.0774975048546231,0.0883195651844223,0.0775811110572987
"276","North Carolina.1976.Female",40,0.44562551948322,0.510013776854079,0.572411625055797,0.51117027950622,0.0761271406596216,0.0870950422486888,0.0987493703640954,0.0870322829411692
"277","North Carolina.1976.Female",45,0.535278920746268,0.604238223487678,0.68038619040794,0.604806342125603,0.0903163200781338,0.102815689776889,0.117105996909153,0.102985544051964
"278","North Carolina.1976.Female",50,0.622376180229648,0.702335883811095,0.788746007660558,0.702331964142498,0.105566105089779,0.119499466974226,0.134380898460406,0.119564285362863
"279","North Carolina.1976.Female",55,0.595639492289276,0.681190264345961,0.76678483149459,0.681881896227079,0.101756898578013,0.116075932793895,0.130519318953125,0.116091745480645
"280","North Carolina.1976.Female",60,0.564389561105092,0.646206253733373,0.732412402079393,0.646690111059489,0.0961900278060137,0.11015530852035,0.12487615046945,0.110105542111713
"281","North Carolina.1976.Female",65,0.428777707789303,0.508681537582074,0.587584634050007,0.508253435554136,0.073591423213537,0.0865483861184004,0.100469242971277,0.0865115110839471
"282","North Carolina.1976.Female",70,0.510817292625578,0.597898885633704,0.691866690814632,0.599299610098681,0.0872825543343796,0.101751532958002,0.117448816140134,0.102024009689763
"283","North Carolina.1976.Female",75,0.13881396575294,0.212752367938041,0.285899361549929,0.213245864642388,0.0242214639789866,0.0361226004068894,0.0483319325865908,0.0362764133975805
"284","North Carolina.1976.Female",80,-0.121514363258323,-0.0520403334130112,0.0108984998853434,-0.05219295047303,-0.0208116688066862,-0.00881834996144251,0.00183598266151324,-0.00894736115914728
"285","North Carolina.1976.Female",85,-0.895396994716646,-0.72192131866252,-0.555947251807303,-0.720997166578236,-0.158976298791524,-0.12284675006616,-0.0913002588038749,-0.1230613006564
"286","North Carolina.1976.Male",0,0.899610195416245,1.06813857304183,1.23831655510158,1.07064350082138,0.133891493233527,0.155936675017829,0.179353695321097,0.156054457459903
"287","North Carolina.1976.Male",1,0.109852900498295,0.149202180938411,0.191329937672269,0.149454433314974,0.0160433327331416,0.0217631948427061,0.0280639537067553,0.0217949795323157
"288","North Carolina.1976.Male",5,0.0232225691683189,0.0523081264130301,0.0826629730121451,0.053202596092632,0.00339073512364135,0.00766867289212994,0.0121808211585691,0.00776030407129136
"289","North Carolina.1976.Male",10,0.000663041345201768,0.0247300190440943,0.0506333013699239,0.0251967715828876,9.59097398491941e-05,0.00358990939015958,0.00752500508878384,0.00367595483337089
"290","North Carolina.1976.Male",15,-0.109577114381733,-0.0657487409218206,-0.0200782501299647,-0.0656779717880948,-0.0160584285516651,-0.00961244354815363,-0.00290219474696573,-0.00959300555868702
"291","North Carolina.1976.Male",20,0.178079711376544,0.242577760174593,0.310000213598012,0.242376828259312,0.0260356332662098,0.0352795442588882,0.0451457785438543,0.0353417933274929
"292","North Carolina.1976.Male",25,0.429359513908215,0.500374694311029,0.586488601945788,0.501780993746391,0.0634847065086441,0.072970599290529,0.0844741541103886,0.0731758427022056
"293","North Carolina.1976.Male",30,0.494050726281988,0.571333136901209,0.651155666577826,0.572226597323701,0.0721371268745917,0.083355636958472,0.0955322956994688,0.0834593788970367
"294","North Carolina.1976.Male",35,0.656134518941341,0.739371575506506,0.828324868544797,0.740145983145991,0.095465782013255,0.107715145050719,0.121193104211516,0.107948453939732
"295","North Carolina.1976.Male",40,0.74637912702105,0.836378373611732,0.929686617685716,0.836343079171364,0.109407948246273,0.121640162383252,0.136015102552948,0.121984901243694
"296","North Carolina.1976.Male",45,0.689571905331537,0.775190733785738,0.867929645870141,0.776583452391357,0.101036782770345,0.113228508810976,0.126910003075081,0.113264420314747
"297","North Carolina.1976.Male",50,0.689888868482976,0.781252971418542,0.877808934226236,0.782335563663863,0.10070652171562,0.114278606886923,0.127199348078293,0.114103664943461
"298","North Carolina.1976.Male",55,0.507155930549488,0.593879548286401,0.690108117465137,0.59585581276599,0.0744579363646989,0.0865594440709437,0.0996021406266597,0.0868997394571641
"299","North Carolina.1976.Male",60,0.324055821531452,0.401762600905016,0.476199139774107,0.402140658260277,0.0473583574609657,0.0586143105224818,0.0699436775970203,0.0586424780576161
"300","North Carolina.1976.Male",65,0.158880595619338,0.228891142794204,0.298033125119873,0.228775178097508,0.0236453111461101,0.0332999635424062,0.0430982054889005,0.0333528638223217
"301","North Carolina.1976.Male",70,0.112982841297461,0.170295514125594,0.229742932766285,0.170191338439721,0.01663784409718,0.0248478013231217,0.0332525981625018,0.0248089642748473
"302","North Carolina.1976.Male",75,-0.00976339701245922,0.0378496216496552,0.0870792112962657,0.0381064345475069,-0.00141520039457903,0.00551686955498373,0.0127103521548723,0.00554313597895338
"303","North Carolina.1976.Male",80,-0.0806180090463327,-0.0452960361595056,-0.00835341410134495,-0.0450366843445068,-0.0119821737095935,-0.00657508260603363,-0.00117856990304622,-0.00658005565009372
"304","North Carolina.1976.Male",85,-0.277154088528239,-0.215636769651611,-0.163474514405154,-0.216674032647477,-0.0407556215741556,-0.0315141789801656,-0.023350673999604,-0.0316382716473709
"305","North Carolina.1977.Female",0,0.773558447936996,0.938030801629816,1.10848738171018,0.938321756104692,0.13739660620444,0.163540446171069,0.189807223057504,0.163696207320853
"306","North Carolina.1977.Female",1,0.0903089131201969,0.132699152610691,0.17506827127727,0.132645057961745,0.0158764631658373,0.0231793085815879,0.0301940527449756,0.0231503176789934
"307","North Carolina.1977.Female",5,0.00303524584086918,0.0264167474355713,0.0492368116797752,0.0262289651676838,0.000534301803064865,0.00457936450964946,0.0084530285604944,0.00457967437779829
"308","North Carolina.1977.Female",10,0.00198873270538383,0.0212325281154331,0.0465582114820244,0.0220937343682404,0.000345113413811072,0.00372917720713514,0.00807780883161544,0.00385302218278375
"309","North Carolina.1977.Female",15,-0.0507955741647083,-0.0248231720794589,0.00247689848369333,-0.0245600986661599,-0.00887515525688063,-0.00430306799596205,0.000417232347795379,-0.00429086301833903
"310","North Carolina.1977.Female",20,0.0614847944251868,0.0920351246029358,0.124419354077458,0.0917914655319415,0.0105961017629438,0.0161193706902871,0.0215207844460165,0.016026596423664
"311","North Carolina.1977.Female",25,0.164040438924859,0.199108763393918,0.235668084804257,0.19963654623529,0.0285633429506556,0.0347895602712162,0.0414751963581959,0.0348609900380233
"312","North Carolina.1977.Female",30,0.241230116706907,0.287457803972872,0.334767061759496,0.288023041151325,0.0422185190209855,0.0500949568253308,0.0591751874203865,0.0502943326349896
"313","North Carolina.1977.Female",35,0.397069409730122,0.448939023532164,0.505343372047179,0.450130907736088,0.0691331851345514,0.0785539993535968,0.0894333698655785,0.0786084256899319
"314","North Carolina.1977.Female",40,0.444318172165173,0.503076471981799,0.568909449323465,0.50433700259615,0.0770089405139028,0.0877763663017724,0.100300887871672,0.0880612329285053
"315","North Carolina.1977.Female",45,0.504549247538478,0.577489914283712,0.650431170415355,0.57684678355395,0.0875675083970666,0.100826466784575,0.114039024489377,0.100718857646058
"316","North Carolina.1977.Female",50,0.583694959170805,0.657025368148433,0.732294142800471,0.656600385160532,0.101514502452977,0.114834993306917,0.128964786930741,0.1146482504716
"317","North Carolina.1977.Female",55,0.555674907340941,0.644918416112186,0.729670899825569,0.643719576420756,0.0969382538982831,0.112363767744682,0.127565426469533,0.112382220257103
"318","North Carolina.1977.Female",60,0.528158777301111,0.610759555733353,0.69695156188464,0.610487518731983,0.0918070312579304,0.10644057394145,0.121332657365169,0.106580496919909
"319","North Carolina.1977.Female",65,0.442010969696925,0.526833403312338,0.600427745979033,0.52559033219627,0.0779320832022571,0.0916969362282698,0.104911125517288,0.0917611159547041
"320","North Carolina.1977.Female",70,0.461677585058144,0.545091370686878,0.635546651932246,0.545721955268393,0.0807911846668021,0.0947181594664718,0.111106894025259,0.0952699487392247
"321","North Carolina.1977.Female",75,0.225546489873809,0.309058161234991,0.389246696120678,0.309315851372292,0.0398043176487502,0.0539955607694438,0.0673234305708448,0.0539703034809741
"322","North Carolina.1977.Female",80,-0.11605290896017,-0.0527949085420453,0.0135889987773426,-0.0525565101515391,-0.0207129726774895,-0.00925562111100895,0.0023344837186093,-0.00924043152110391
"323","North Carolina.1977.Female",85,-0.886396588119982,-0.711715753264711,-0.543693304685818,-0.713639891150357,-0.163603415838375,-0.124330173333702,-0.0918189302223673,-0.124930698205673
"324","North Carolina.1977.Male",0,1.00649989865165,1.17128631938335,1.33776049282199,1.17091932391704,0.146207008478062,0.167284929948018,0.188283410346879,0.167290275336405
"325","North Carolina.1977.Male",1,0.108213169860262,0.148015647217056,0.191661389415187,0.148687631136973,0.0156996213820182,0.0212352237050892,0.0274645372837164,0.0212527153077179
"326","North Carolina.1977.Male",5,0.020807442014429,0.0488990568394687,0.0768666469116713,0.0487812715308963,0.00291212708675329,0.00698808866449341,0.0110667127826967,0.00697428032096757
"327","North Carolina.1977.Male",10,0.00628953116223298,0.0309868677652625,0.0574647317968786,0.0311357380338039,0.000910791608368925,0.00443153275754823,0.00805610033846567,0.00445051402773348
"328","North Carolina.1977.Male",15,-0.107460994046698,-0.0648911102819787,-0.0183467121196177,-0.0648729309024506,-0.0155605298867016,-0.00926040494675346,-0.00263249501723298,-0.00928620202419773
"329","North Carolina.1977.Male",20,0.152049379668666,0.213383591727988,0.281839716225205,0.213383269233126,0.0219808090800683,0.0304313839630448,0.0397478684026372,0.0304961750178934
"330","North Carolina.1977.Male",25,0.394463774277919,0.469523286055768,0.541390636314794,0.470489773540542,0.0567828734401806,0.0670007891934138,0.077750662776547,0.0672510803992271
"331","North Carolina.1977.Male",30,0.491034174700027,0.564488932544452,0.638992458462007,0.56546950391679,0.0703052641057444,0.0807086974019589,0.0919407689266956,0.0808354015450455
"332","North Carolina.1977.Male",35,0.615416644221585,0.699318179010333,0.781016359188345,0.699475462050998,0.0885920682762305,0.0997655644719947,0.111301878344034,0.0999946061045542
"333","North Carolina.1977.Male",40,0.75012804832427,0.839653295494419,0.932911588992898,0.839217094303427,0.107691171290973,0.119979139023679,0.133252913426227,0.119964493222945
"334","North Carolina.1977.Male",45,0.676125742216068,0.765195495571865,0.856745180270957,0.764579160544921,0.0973930771932049,0.109208217971523,0.121928949157395,0.109289498055092
"335","North Carolina.1977.Male",50,0.688052961810114,0.783530219503333,0.876224247544827,0.784341805195656,0.0987076006840093,0.112250977921481,0.125356732221939,0.112131086158426
"336","North Carolina.1977.Male",55,0.514881183615124,0.606010124747915,0.702931659160235,0.607212822828249,0.0741238306720174,0.0866838727468678,0.0987255610213385,0.0867939077567904
"337","North Carolina.1977.Male",60,0.358023928045215,0.442628319182263,0.522971936331979,0.442167073811545,0.0515311790516031,0.0632668177140136,0.0737760467628985,0.0631904740220563
"338","North Carolina.1977.Male",65,0.187058333161745,0.253009067523754,0.330101093909518,0.253743268417864,0.0266096647826286,0.0362448012083919,0.0470932339838214,0.0362602779265214
"339","North Carolina.1977.Male",70,0.11536682829276,0.173412123291609,0.235127117399567,0.172483766682415,0.0166302727934655,0.0248143999601309,0.03329202656724,0.0246508896203479
"340","North Carolina.1977.Male",75,0.0150098311323935,0.0571955963102986,0.105327358143102,0.0583732916397009,0.00220879930891875,0.00815767873509369,0.0147858240521309,0.00833269690954274
"341","North Carolina.1977.Male",80,-0.069019012520779,-0.0320105758221879,0.00551697321907883,-0.0315456865285818,-0.0100191119617931,-0.00454228454272047,0.000767528992333767,-0.00452011529066845
"342","North Carolina.1977.Male",85,-0.234377719292433,-0.177201182295507,-0.122808444584074,-0.177138162426555,-0.0338749267198633,-0.0253268462354617,-0.0173870408042403,-0.0253520544163999
"343","North Carolina.1978.Female",0,0.76016639404608,0.916041522409707,1.06498377909587,0.916030926880737,0.142005587153884,0.165669180445649,0.190658082906954,0.165607006636492
"344","North Carolina.1978.Female",1,0.0903458035317528,0.129850212265073,0.17157468019108,0.129428097291721,0.0163709767364405,0.0233722996686446,0.0307825906815483,0.0234161114824468
"345","North Carolina.1978.Female",5,0.00175991201847022,0.0247923640977807,0.0485114092159875,0.0249323807298975,0.000342667518854364,0.00446442764058119,0.00868777503034222,0.00451337687055951
"346","North Carolina.1978.Female",10,-0.00107757630572667,0.017041891825048,0.0420248878336498,0.0178619213270501,-0.000197794670187442,0.00310483637953213,0.00744364497719663,0.00322833576796688
"347","North Carolina.1978.Female",15,-0.0533209064437669,-0.0274994423575425,-0.000211742449950543,-0.0272569778080406,-0.00951756344853864,-0.00494110422401581,-3.97802414497497e-05,-0.00493748560020673
"348","North Carolina.1978.Female",20,0.0472561959681038,0.0762540927367359,0.107925624866348,0.0769397978675557,0.00854752268198195,0.0137863876128663,0.0195668302012645,0.0139191165531122
"349","North Carolina.1978.Female",25,0.152713640804875,0.18573896484983,0.220774006840415,0.185885145085978,0.0275460745103644,0.0337260477698471,0.0398815003490136,0.0336376680636901
"350","North Carolina.1978.Female",30,0.232864234324964,0.275366094229959,0.322975728241261,0.276013367130975,0.0415469003825726,0.0499094165464746,0.0586520472254235,0.0499502176870042
"351","North Carolina.1978.Female",35,0.380124844755801,0.430730687107159,0.484179184170039,0.431187957125694,0.0690524745316741,0.0778378894333698,0.0885669038481238,0.0780235090769699
"352","North Carolina.1978.Female",40,0.432356401607201,0.491435265860959,0.555842374270743,0.492638105301807,0.07707411031838,0.0890701564575717,0.100033739586302,0.0891385720911014
"353","North Carolina.1978.Female",45,0.486190260261336,0.555267342442131,0.624753386964408,0.553940054570415,0.0872996938141146,0.100314706094569,0.112708497555046,0.100224826075314
"354","North Carolina.1978.Female",50,0.53970828563082,0.613974403544971,0.692696061060885,0.613345023365681,0.0971640386422312,0.11086308853084,0.125890237824256,0.11097236409943
"355","North Carolina.1978.Female",55,0.539252441442863,0.617292384727838,0.704438679082659,0.618059475270742,0.0980414435621916,0.111381583997326,0.126684292874751,0.111819811323768
"356","North Carolina.1978.Female",60,0.509601695577918,0.592152730827925,0.674442536746855,0.591793676083597,0.0915605827185543,0.107191478024062,0.12229914171065,0.107067716310526
"357","North Carolina.1978.Female",65,0.474409253055413,0.549440921617799,0.636583673702682,0.551403930759035,0.0856907553571464,0.0994562736483558,0.115113419454292,0.0997577655701259
"358","North Carolina.1978.Female",70,0.4124575450341,0.50199349138545,0.594172939314867,0.50338373405711,0.075237781074945,0.0912615157686801,0.105939612231267,0.0910344136010404
"359","North Carolina.1978.Female",75,0.215937409169559,0.288142920299491,0.364261081087633,0.289297661555907,0.0388367692407462,0.0524959844818641,0.0656870343795967,0.0523064668069524
"360","North Carolina.1978.Female",80,-0.107276814741163,-0.0382103291723713,0.0275845123159945,-0.0397507862083943,-0.019585384259845,-0.00691099957187958,0.00487563546138752,-0.00725152709501423
"361","North Carolina.1978.Female",85,-0.848972614717112,-0.673626685526159,-0.504784752580416,-0.674807837629294,-0.159747733856273,-0.121967855739054,-0.0875556564973241,-0.12242826532128
"362","North Carolina.1978.Male",0,1.02597611358484,1.19070264382302,1.3622422803084,1.19005783936061,0.147614956452857,0.169186634893604,0.191921553156624,0.169568492361659
"363","North Carolina.1978.Male",1,0.106899009219075,0.14684421627378,0.190160419311367,0.146977246979412,0.0152829103591991,0.0208594421779075,0.0266808794990091,0.0209463950720232
"364","North Carolina.1978.Male",5,0.0178409757353923,0.0452240300879044,0.0716436566344133,0.0444574482161227,0.00258917504474712,0.00645335321561493,0.0100696477268485,0.00633713387656475
"365","North Carolina.1978.Male",10,0.00518284107403668,0.0308097962599507,0.0583243735128069,0.0310860234235375,0.000755934404104329,0.00438851950781898,0.00828021429900775,0.00442904871338876
"366","North Carolina.1978.Male",15,-0.119868268333463,-0.0711083122507045,-0.0233674246119348,-0.0718980761765235,-0.0169495365064807,-0.0102024776151665,-0.00334328623031209,-0.0102584732637177
"367","North Carolina.1978.Male",20,0.117672193423638,0.176002459633308,0.237093543307798,0.176867620207408,0.0168925081622757,0.0250814377685778,0.033475840835192,0.0252067247177602
"368","North Carolina.1978.Male",25,0.356360938162909,0.423971796165161,0.500660383062385,0.424481420281204,0.0507035877226247,0.0601803046806469,0.0708472453208436,0.0605049225513175
"369","North Carolina.1978.Male",30,0.520351611589237,0.590873810562758,0.670424075553496,0.591366319598241,0.0746930680795705,0.0841584823981942,0.0952975286424781,0.0843012643284062
"370","North Carolina.1978.Male",35,0.613535506544615,0.694674479783857,0.774806299183455,0.694279315524153,0.0881347569919301,0.0989501228669349,0.111114131391281,0.0989761433127343
"371","North Carolina.1978.Male",40,0.766521177029367,0.857941811199279,0.946766327590766,0.856996378188223,0.10987769985663,0.122024596497407,0.135132044208848,0.122163995914871
"372","North Carolina.1978.Male",45,0.655737284598282,0.746981609495074,0.843519610545292,0.747038284876331,0.0930343848090101,0.106411354711689,0.118495120442741,0.10648667466808
"373","North Carolina.1978.Male",50,0.747623952851803,0.831821543943127,0.928845496964356,0.83182623553085,0.106350141489388,0.11864669935911,0.131192871598991,0.118578347789895
"374","North Carolina.1978.Male",55,0.573168148883949,0.658322112386091,0.748298292067099,0.659001120085662,0.0817641645150235,0.0939266371208342,0.105977244467764,0.0939418115630747
"375","North Carolina.1978.Male",60,0.394911284858004,0.480813065053873,0.567504637002159,0.481681941682944,0.0563519694915829,0.0687813018842812,0.0800957269684468,0.0686514011088119
"376","North Carolina.1978.Male",65,0.187001504248491,0.25348809572597,0.322858169878543,0.25314667736317,0.0265833816369912,0.0359958746653424,0.04600095570156,0.0360739310248018
"377","North Carolina.1978.Male",70,0.0944578878008065,0.150874797851825,0.211044239277746,0.151844489486788,0.0135063226870838,0.0214662755061144,0.0301802796805976,0.0216380500800422
"378","North Carolina.1978.Male",75,-0.0246574583806521,0.0201990799658028,0.0682095251424423,0.0208840284717474,-0.00353602077220575,0.00286548820574221,0.00959616033024764,0.00296785786409265
"379","North Carolina.1978.Male",80,-0.0771864856109827,-0.0401867089899863,-0.000595556146160474,-0.0395861016769383,-0.0111477845431684,-0.0057009213847353,-8.68271603947602e-05,-0.00565490064247002
"380","North Carolina.1978.Male",85,-0.233108913819294,-0.174838039715738,-0.120628991017705,-0.174147371792539,-0.0334612774373321,-0.0248948687246582,-0.0166550778077823,-0.0248588210413365
"381","North Carolina.1979.Female",0,0.760104478438454,0.902153892576605,1.06256957907184,0.904721533752277,0.148160330644995,0.172918568593012,0.199820935385258,0.173295769218802
"382","North Carolina.1979.Female",1,0.0883727053269531,0.123974762161789,0.165101195679877,0.124660365324306,0.0167647547033665,0.023841261835674,0.03198264621199,0.0238947419551471
"383","North Carolina.1979.Female",5,0.00450645762003292,0.0261835251030045,0.048368644379643,0.0262645590746486,0.000881714288043337,0.00499860621127201,0.00927622276902528,0.00503817303511148
"384","North Carolina.1979.Female",10,-0.00488691572929787,0.0135607886955598,0.0387868069202591,0.0142258368507963,-0.000907550773706377,0.00258654186333654,0.00739965532906786,0.00272063137951717
"385","North Carolina.1979.Female",15,-0.0549555037949226,-0.0294168057777511,-0.00336196620988392,-0.0295289285199098,-0.0106950635785334,-0.00570648816573072,-0.000629985457593952,-0.00566890368570103
"386","North Carolina.1979.Female",20,0.0367038055917368,0.0681980863020079,0.0990128862100036,0.0682818222838528,0.00707667193202446,0.0131125275270306,0.0190760952305327,0.013083577083994
"387","North Carolina.1979.Female",25,0.142284810821728,0.175096980534423,0.207922197653044,0.174850385073568,0.0270087194934236,0.0335395388421373,0.0402904778137854,0.0335266804224255
"388","North Carolina.1979.Female",30,0.222468677226842,0.262324565479631,0.298856842927743,0.26257240961005,0.0424191206884545,0.0502075344830016,0.0578248959532913,0.0503435623530061
"389","North Carolina.1979.Female",35,0.360182254226263,0.411045190434321,0.460043073311546,0.411076346581956,0.0689050684305364,0.0787822919980073,0.0896560349751337,0.0788118607126919
"390","North Carolina.1979.Female",40,0.415135311391456,0.478371474807395,0.546304889527272,0.478126114740321,0.0793584054576488,0.0914526584640458,0.104978987058374,0.0916634748182038
"391","North Carolina.1979.Female",45,0.450619962553906,0.523128331649322,0.595524164587481,0.524115708446291,0.0866931480819881,0.100466846001555,0.116259884088595,0.100472241899145
"392","North Carolina.1979.Female",50,0.512300922097421,0.586967647195436,0.663866431178372,0.587341514949311,0.0978815513618927,0.112594897054785,0.127741831847907,0.112576689968877
"393","North Carolina.1979.Female",55,0.519442808279714,0.598335785986976,0.69027636434695,0.598342519007587,0.0998787569442403,0.114835055098394,0.131655151160322,0.114699752542474
"394","North Carolina.1979.Female",60,0.520109167405805,0.604631533805994,0.693611487607607,0.605925330196172,0.100026634456268,0.115841347444565,0.132403524981825,0.116133334101254
"395","North Carolina.1979.Female",65,0.459091272119045,0.542316859296151,0.627002769385904,0.542577980408185,0.0880404171814138,0.103943889590298,0.11985894307846,0.10400070078386
"396","North Carolina.1979.Female",70,0.343089845709199,0.422764470984819,0.508069586429321,0.423328009712851,0.0655630509630403,0.0808358898855119,0.096931034050394,0.0811198393648701
"397","North Carolina.1979.Female",75,0.163584046937521,0.237959527526068,0.325506690279025,0.238451300241716,0.0313264409085692,0.0456844030029455,0.0615942339585572,0.0456686016419111
"398","North Carolina.1979.Female",80,-0.047020385713985,0.0309336077455024,0.101066153980173,0.0303558696855545,-0.00928168948680196,0.0058495491662459,0.0189228792967881,0.00575506629086545
"399","North Carolina.1979.Female",85,-0.949729053048063,-0.765399321791137,-0.595781525913849,-0.765286973571283,-0.191250668967192,-0.145939456989502,-0.109453476633653,-0.147135793886454
"400","North Carolina.1979.Male",0,0.961001529560301,1.12203573256373,1.30655702501534,1.12626969686055,0.142360170781671,0.162889554746724,0.185861688522074,0.163338471634164
"401","North Carolina.1979.Male",1,0.0998150751552822,0.137518596112486,0.1857534243479,0.138871829711332,0.0145888894153239,0.0198834258910248,0.0267246069565797,0.0201484409721062
"402","North Carolina.1979.Male",5,0.0183169783126367,0.044713572233616,0.0720981229719788,0.044337216040419,0.00265698821258068,0.00644828691029361,0.0103721684364444,0.0064297432965864
"403","North Carolina.1979.Male",10,0.00280609686455199,0.0274142519652384,0.053772440455677,0.0273521332131774,0.000401807807305961,0.00400454650914496,0.00770979398858055,0.00396697387718075
"404","North Carolina.1979.Male",15,-0.141331491791881,-0.0932517098733647,-0.0439772649481027,-0.0928412889556762,-0.0207782960100136,-0.0135711221596682,-0.00639762599833704,-0.0134857470714734
"405","North Carolina.1979.Male",20,0.0609657250766645,0.120813009086022,0.179010613066717,0.120411234886768,0.00882831849614889,0.017495645544696,0.0257973235449845,0.0174677303199216
"406","North Carolina.1979.Male",25,0.285666892460355,0.356189705107572,0.424008733527159,0.355918739921385,0.0417901629131182,0.051708355497688,0.0611975773381035,0.0516479847196903
"407","North Carolina.1979.Male",30,0.517224230127098,0.59088902721579,0.663796758863003,0.591242247619014,0.0754501084762716,0.0857131386816987,0.0959980798233393,0.0857870674547683
"408","North Carolina.1979.Male",35,0.615749359946983,0.692246876246589,0.784488968344899,0.693632136850856,0.0891096910904984,0.100498836217575,0.114017812365989,0.100654637025532
"409","North Carolina.1979.Male",40,0.79683607093676,0.877516843438467,0.976040267905254,0.880562369553946,0.115848505750504,0.127557007165115,0.140637747501739,0.127778841380554
"410","North Carolina.1979.Male",45,0.681439160341809,0.769688841581745,0.868761889223917,0.770016726505694,0.0984185436002599,0.111692268199686,0.125580614325769,0.111730702551369
"411","North Carolina.1979.Male",50,0.718616439766099,0.807593316290896,0.905118466715746,0.80899247316924,0.10410195753149,0.117309041395236,0.131275686496998,0.117393466971421
"412","North Carolina.1979.Male",55,0.590727435145365,0.680600758467569,0.766087556626869,0.680382751174512,0.0862129942464331,0.0985731741510334,0.110740085632534,0.0987210332240132
"413","North Carolina.1979.Male",60,0.453467738182339,0.53281470525906,0.616256208759751,0.53335996925934,0.0655782698076912,0.0776324971579551,0.0890060191854623,0.0773799249910574
"414","North Carolina.1979.Male",65,0.214485211047644,0.284763083233889,0.350994806073753,0.28472121856232,0.0314722426274037,0.0412733582181142,0.0512202650798525,0.041303985719669
"415","North Carolina.1979.Male",70,0.105820110821026,0.165365347018731,0.23374833622999,0.166360695540481,0.0151699557779978,0.024012994752908,0.0336351114836378,0.0241294707508266
"416","North Carolina.1979.Male",75,-0.0180248755839735,0.0269543542048046,0.0720401803753598,0.0274278333147494,-0.00269661699834733,0.00390386471679968,0.0103832059157453,0.00396665509892144
"417","North Carolina.1979.Male",80,-0.0864987220629554,-0.0488033460418018,-0.00872299750645534,-0.0486164948572822,-0.0125500350614936,-0.00705081900652899,-0.00122764507572551,-0.00706735712750904
"418","North Carolina.1979.Male",85,-0.275209954827728,-0.21510337065389,-0.155983404286142,-0.215387214613173,-0.0407497798357544,-0.0312429788519911,-0.022404937041182,-0.0312920257887979
"419","North Carolina.1980.Female",0,0.605787761590326,0.745032868695471,0.88166342300098,0.744349152981167,0.119104483191216,0.145541834308147,0.169455259884785,0.145141481204975
"420","North Carolina.1980.Female",1,0.0822006199141794,0.117384339848879,0.155983444623924,0.117685584927228,0.0161057748794258,0.0229206933434628,0.0304369070509329,0.02296506886669
"421","North Carolina.1980.Female",5,0.00495260686695869,0.0257737076052631,0.0490303737535413,0.0258973778734994,0.0010017679100171,0.00499300243920839,0.00972867069146749,0.00505633209767804
"422","North Carolina.1980.Female",10,-0.00643860368568689,0.0114350445021454,0.0350261087806291,0.0124851108089016,-0.0012166262399941,0.00223420700864555,0.00688219016413436,0.00242867125575924
"423","North Carolina.1980.Female",15,-0.0666338250692497,-0.0412107346227504,-0.0132913714215008,-0.0408124195698651,-0.0131491923882654,-0.00809140759443738,-0.00250655798266943,-0.00797875702495462
"424","North Carolina.1980.Female",20,0.0358695012453082,0.0670430109331134,0.0988227790302152,0.0668228432180303,0.00704634277597338,0.0130280947714581,0.0190965443513045,0.0130371039317251
"425","North Carolina.1980.Female",25,0.136057287827521,0.166467646835492,0.200618240859702,0.16705461560238,0.0265544179746109,0.0325190637324561,0.0392131998246417,0.0326052472910818
"426","North Carolina.1980.Female",30,0.212392427808975,0.247363071710408,0.285791186569251,0.247534768935645,0.0411079146811688,0.0481785575536182,0.0565290071725152,0.0483129326160082
"427","North Carolina.1980.Female",35,0.340550728267525,0.388321826488135,0.438801811911059,0.388954043461152,0.0662812446852903,0.0756452416496287,0.0863933858706413,0.0759143747146175
"428","North Carolina.1980.Female",40,0.395310594061986,0.454594629161863,0.515134466414243,0.454235397065895,0.0766436379373174,0.0886335806157468,0.101473080610694,0.0886505292469427
"429","North Carolina.1980.Female",45,0.437173839237557,0.498590425518764,0.57244574386543,0.499816926427611,0.0848243387952009,0.0973882891101547,0.111403669277624,0.0975277489491689
"430","North Carolina.1980.Female",50,0.514791484937215,0.58951486868809,0.66746785490323,0.591009994689327,0.100320768798023,0.115130829404159,0.131757466275798,0.115334359209271
"431","North Carolina.1980.Female",55,0.512970403651958,0.592350310125095,0.677249622356272,0.592123306811156,0.100817435272891,0.115485229766135,0.132077450208563,0.115520602561287
"432","North Carolina.1980.Female",60,0.520169794141942,0.601534068810683,0.69168231147892,0.603061946429802,0.102238042503578,0.117347068723651,0.135365244968858,0.117679297039629
"433","North Carolina.1980.Female",65,0.504954985355374,0.585336817792991,0.675029604253408,0.586340930038398,0.098643724721141,0.114116424794686,0.131096863802933,0.114394682220805
"434","North Carolina.1980.Female",70,0.357797127341035,0.4424170026616,0.521264225104156,0.441804921884306,0.0703339192908292,0.0862090036789925,0.101414029332495,0.0861852384525608
"435","North Carolina.1980.Female",75,0.178340403633741,0.253667720218578,0.334668375923145,0.254985364161001,0.0353197801097231,0.0494614218373894,0.0657098930586023,0.0497273703921992
"436","North Carolina.1980.Female",80,-0.0132489180038296,0.0574243748351513,0.131415324159529,0.0580030498181269,-0.0025691490518819,0.0112731031630779,0.02509102697184,0.0112502452007612
"437","North Carolina.1980.Female",85,-0.851984138146292,-0.682651459730809,-0.523074778696054,-0.683499608924253,-0.174000544563435,-0.13270327249914,-0.0985357445848685,-0.133752528226207
"438","North Carolina.1980.Male",0,0.710642865802693,0.862405788566964,1.00687274295936,0.860216860160489,0.107466163991244,0.12779604846493,0.147180981189315,0.127432313401262
"439","North Carolina.1980.Male",1,0.0850601040443108,0.12282563498435,0.165349333677454,0.123372160079102,0.0124456207122926,0.0182079752503095,0.0244407891920597,0.0182860053440987
"440","North Carolina.1980.Male",5,0.018540570033464,0.0414718752561245,0.0667601152727946,0.0417567848197117,0.00273906160749601,0.00613210866623153,0.00978140469649405,0.00618921423776989
"441","North Carolina.1980.Male",10,0.00520122890892232,0.0285796568893153,0.0553560174875699,0.0289807234164118,0.000780620669608447,0.00419582942825213,0.00808723096553769,0.00429208857194853
"442","North Carolina.1980.Male",15,-0.147480571095134,-0.102609841474953,-0.0561583631160492,-0.10189684922778,-0.0221024278858698,-0.0152061814145191,-0.00819841188785397,-0.0151199431838086
"443","North Carolina.1980.Male",20,0.0242209618025865,0.0772205654662947,0.138174065388504,0.0776874273544715,0.00364321416451032,0.0114484327984638,0.0201125887422008,0.0115027392898753
"444","North Carolina.1980.Male",25,0.292862672241246,0.354421220622172,0.414204945899778,0.354180172662047,0.0433782922739684,0.0525311886484898,0.0612951460363362,0.0524982427265681
"445","North Carolina.1980.Male",30,0.470637931733543,0.536517547993453,0.606509598552364,0.536780557231331,0.0698592329606074,0.0792265976075587,0.0897113478164944,0.079569191827744
"446","North Carolina.1980.Male",35,0.618201384762334,0.693211766369937,0.777476297541648,0.694104526388895,0.0914932534579629,0.10269099680517,0.114768910421918,0.102892134678205
"447","North Carolina.1980.Male",40,0.760302981572683,0.848244112714909,0.938553533790198,0.848992919719501,0.113255708091264,0.125585676541126,0.138815505838175,0.125854020068387
"448","North Carolina.1980.Male",45,0.696471042719817,0.788890879218261,0.887878831539955,0.789030855222688,0.104126160876227,0.116892859821379,0.130782705798948,0.116957016729152
"449","North Carolina.1980.Male",50,0.707695384070429,0.798191939743929,0.896712203861078,0.799194215265054,0.105257709403151,0.118524855547672,0.132393958113555,0.118465657174571
"450","North Carolina.1980.Male",55,0.593941299917404,0.680721284018901,0.774683201809923,0.682869591513701,0.0880069150907022,0.100976830780881,0.114854884215286,0.101214881322725
"451","North Carolina.1980.Male",60,0.494709484311482,0.581767356043143,0.666925056192283,0.581224617587535,0.0741813022928805,0.0858430728190435,0.0992333946577595,0.0861475290110925
"452","North Carolina.1980.Male",65,0.267185366809922,0.342283396131384,0.415056198178208,0.340977132651118,0.0396730550089323,0.0506833108860225,0.0617062035547359,0.0505381005997531
"453","North Carolina.1980.Male",70,0.149441760435544,0.212485512418596,0.270858928119017,0.211761774799978,0.0222794996003927,0.0314058806968808,0.0401073978487918,0.0313837361589585
"454","North Carolina.1980.Male",75,0.00471128761226441,0.0484454350144217,0.0971891777679817,0.0490418440334585,0.00074575809249652,0.00713256674215653,0.0144705365354632,0.00725654292137791
"455","North Carolina.1980.Male",80,-0.0343374874533615,0.00583859760395933,0.0450990625910898,0.00583932482903021,-0.00503945908621387,0.000867987608608064,0.00665955166733495,0.00085533438117109
"456","North Carolina.1980.Male",85,-0.237514766604941,-0.175760784207699,-0.12332621386701,-0.176572921680762,-0.0359554981904297,-0.0261084371299906,-0.0181449969438686,-0.0262148052608503
"457","North Carolina.1981.Female",0,0.555926744644361,0.697061541125091,0.839790328031195,0.697621640421373,0.113193788108044,0.137841861391098,0.163248082158248,0.1378509933584
"458","North Carolina.1981.Female",1,0.0767879657254474,0.109888827604566,0.149872002015019,0.110784486590761,0.0151420635723012,0.021860405495883,0.0293346519271502,0.0219013609079959
"459","North Carolina.1981.Female",5,0.00661286180692341,0.0266538683993522,0.0509675153735567,0.0271264838846358,0.00127984049747331,0.0052529597445878,0.0100960619905251,0.00536255846057689
"460","North Carolina.1981.Female",10,-0.0067297840373826,0.0111165565805396,0.0335540227480614,0.0120462610821149,-0.00135111962923896,0.00218813550586693,0.00658891262505223,0.00237581307236068
"461","North Carolina.1981.Female",15,-0.0621049768730524,-0.0382193267054241,-0.0109714546318378,-0.0376145785550682,-0.0124680590247242,-0.00759022891038074,-0.00212662691952859,-0.00745348172029018
"462","North Carolina.1981.Female",20,0.0352190735605165,0.0637588298939413,0.0922631311664131,0.0642132433441479,0.00696832819996084,0.0125953982924063,0.0184186870300984,0.012703123214467
"463","North Carolina.1981.Female",25,0.133008625005398,0.163541847897974,0.198040561733678,0.164145992027229,0.0261135318029078,0.0323611660703155,0.0394006674380445,0.0324736323883472
"464","North Carolina.1981.Female",30,0.204904190286144,0.237303291709923,0.274510411995607,0.238235258803783,0.0400976875306544,0.047031589148964,0.0545987204819852,0.0471278198779384
"465","North Carolina.1981.Female",35,0.315839382584977,0.358137353208926,0.407426637757633,0.359213984492503,0.0620425526765132,0.0707865977366766,0.0810691724730352,0.0710632815824677
"466","North Carolina.1981.Female",40,0.351644617163967,0.411071400492806,0.469954770558188,0.411519384118403,0.0690383804280084,0.0813718711639079,0.0931822417469913,0.0814020587642092
"467","North Carolina.1981.Female",45,0.413030883486399,0.473973567842954,0.541223060185741,0.474428419518717,0.0810524471443421,0.0937356882581969,0.107292618996498,0.093831462650359
"468","North Carolina.1981.Female",50,0.487795942194353,0.571114643385959,0.644507392273127,0.56949880833984,0.0965729774869437,0.11266319734478,0.128910544397272,0.112644149956079
"469","North Carolina.1981.Female",55,0.545376596052096,0.621808440914643,0.705437449182853,0.622703023653011,0.107610870198483,0.123168896768595,0.139447340187376,0.123152192823105
"470","North Carolina.1981.Female",60,0.555332012502888,0.631501051364771,0.718994361117642,0.633204844012517,0.109470706465126,0.124641816323749,0.142472853241101,0.12523082083878
"471","North Carolina.1981.Female",65,0.4747199484635,0.554492772238288,0.638996505595113,0.553938950789783,0.0939303756056046,0.109425009826586,0.126570331123339,0.10953873766665
"472","North Carolina.1981.Female",70,0.37313462394551,0.457076195019729,0.539766950913044,0.456751942506196,0.0748242155600747,0.0902470877543744,0.105483096328595,0.0902934326105052
"473","North Carolina.1981.Female",75,0.129785193589799,0.205067424261867,0.278948658513771,0.205752031648322,0.0261247809044002,0.0406125525403271,0.0545286387439121,0.0406476383462619
"474","North Carolina.1981.Female",80,0.0389091678466971,0.103010213835441,0.179355801240114,0.104647357197629,0.00759797930387336,0.0203988637774342,0.0353460432033387,0.0206415669825883
"475","North Carolina.1981.Female",85,-0.772073446837021,-0.609621480880171,-0.449347806455305,-0.608964476772982,-0.160501457083468,-0.120131304284486,-0.0862119344210222,-0.120787161780801
"476","North Carolina.1981.Male",0,0.686719233584665,0.834983962061483,0.98103672546235,0.835993620209529,0.106204629514873,0.126403063558748,0.148099577429528,0.126256015608723
"477","North Carolina.1981.Male",1,0.0870055946770784,0.121912564300284,0.161387505597709,0.122058935845719,0.0130744303769423,0.0183672639658701,0.0243681053936578,0.0184433005972823
"478","North Carolina.1981.Male",5,0.0194205335487345,0.041717456870033,0.0686253957043333,0.0421006305755332,0.0029455772234504,0.00629650660760337,0.0101879903779094,0.00635829546914011
"479","North Carolina.1981.Male",10,0.00394828938781386,0.0273417376356906,0.0508626698521516,0.0272664659041553,0.000599984100807286,0.00413387769508696,0.00770390828883251,0.00411606157621653
"480","North Carolina.1981.Male",15,-0.136486722482281,-0.0914245426258689,-0.0443180363516806,-0.0914574648675837,-0.020720021562553,-0.0138384178503027,-0.00664087466181982,-0.0138358511287635
"481","North Carolina.1981.Male",20,0.013364193004664,0.0639990856028491,0.122360665856204,0.0649332312902125,0.00208105391553639,0.00968390253347639,0.0186525587446171,0.00980005810551348
"482","North Carolina.1981.Male",25,0.246458330148057,0.303204523460622,0.364652762512165,0.303550899843041,0.0372776667881087,0.0457777435016911,0.0548871286835538,0.04586507317021
"483","North Carolina.1981.Male",30,0.438893572341314,0.499467970202393,0.569693565067985,0.500663776020661,0.0659673051676094,0.0755080231246553,0.085563561829941,0.0756517141029821
"484","North Carolina.1981.Male",35,0.608062844828639,0.681258860313181,0.759970925108045,0.682679961055528,0.0925014611980141,0.103164085940435,0.115416293014703,0.103156128819714
"485","North Carolina.1981.Male",40,0.728311343273,0.812806295465174,0.905184714838922,0.814039242730349,0.11003243824378,0.122940950988939,0.136991745593565,0.123011882482404
"486","North Carolina.1981.Male",45,0.672480877283405,0.753917874805216,0.851268608531303,0.755373982648516,0.102282006386441,0.113797270621544,0.127519310222525,0.114135874977303
"487","North Carolina.1981.Male",50,0.65863391159037,0.756192989702924,0.846617767719828,0.75543356334056,0.100734109039562,0.114244841364568,0.127379650759562,0.114144994561635
"488","North Carolina.1981.Male",55,0.628164954506644,0.715559199963249,0.8064391583399,0.71636074740492,0.0949029694830144,0.108027734090853,0.122075116783494,0.108238520832528
"489","North Carolina.1981.Male",60,0.530288964987181,0.624043149472222,0.711925783928335,0.624478403060579,0.0807623893217759,0.0944397095027545,0.107791751778675,0.094353814826549
"490","North Carolina.1981.Male",65,0.240632975391255,0.316391610117889,0.388860337098891,0.31609994782638,0.0370955079958409,0.0478450815841078,0.0584646816606926,0.0477448446652489
"491","North Carolina.1981.Male",70,0.155102862974403,0.219651135122832,0.281717495712154,0.219172838489695,0.0236305219685055,0.033114889142997,0.0424058666940341,0.0331152771014579
"492","North Carolina.1981.Male",75,0.00117657862015838,0.0464947665679484,0.0938509878926705,0.0472628651475458,0.000178706427694221,0.00699197366308402,0.0141315385058418,0.00712917968696719
"493","North Carolina.1981.Male",80,-0.0103533631470406,0.0280908475624488,0.0674849246728216,0.0286593978369454,-0.00159847093088054,0.00424842269320032,0.0101374644722835,0.00432024647667693
"494","North Carolina.1981.Male",85,-0.198244681440695,-0.145882177836206,-0.0947258935964055,-0.145443890416902,-0.0305561769176224,-0.021996216632445,-0.0140897839156071,-0.0220054319317883
"495","North Carolina.1982.Female",0,0.595180986742678,0.726392592696993,0.871268033454666,0.729199449475731,0.122358141713144,0.145816067377987,0.172763871400473,0.146001985056757
"496","North Carolina.1982.Female",1,0.0747380209400507,0.105283880012736,0.14160755139867,0.106163338746057,0.0149459360336226,0.0210737284561452,0.0285622845944589,0.0212718932077281
"497","North Carolina.1982.Female",5,0.0090691115329016,0.0297883125906175,0.053171748936581,0.0300676331904619,0.00180028159241758,0.00595451698578242,0.0106495596283278,0.00602606388115682
"498","North Carolina.1982.Female",10,-0.00747978929194524,0.0114670897965722,0.0326161384801265,0.0122642402458245,-0.00152850764568242,0.00231658048777323,0.00659537137898481,0.00245280729685644
"499","North Carolina.1982.Female",15,-0.0558601401851573,-0.0311475181146972,-0.00413555811201885,-0.0306749504879968,-0.0112202831932805,-0.00625144343711183,-0.000810102472547499,-0.00615501359623985
"500","North Carolina.1982.Female",20,0.0370020479666426,0.0639408278308278,0.0897504071475786,0.0637457204859837,0.00726675403719248,0.0127701196966971,0.0181935645598471,0.0127714229162468
"501","North Carolina.1982.Female",25,0.12719980899389,0.160202307504704,0.192808763644916,0.16011632129442,0.0253970627330289,0.032114935291095,0.0390779757711336,0.0320903607761963
"502","North Carolina.1982.Female",30,0.189837396950242,0.223119271650614,0.258836767885495,0.223522605855427,0.0379586277133943,0.0447096164763617,0.0529126173109608,0.0448033135666827
"503","North Carolina.1982.Female",35,0.295581946470793,0.336436394216906,0.384164946813788,0.338050137404079,0.0580564102580022,0.0677815871431601,0.0772279935865742,0.0677586868479146
"504","North Carolina.1982.Female",40,0.335950323664552,0.392763139804333,0.449233489488842,0.392171440359862,0.0674053270965496,0.0785667191184695,0.0909567225690973,0.0785850272447266
"505","North Carolina.1982.Female",45,0.372630934733506,0.434798576125523,0.498241622784222,0.435438460009157,0.0746158100321369,0.0873252320129827,0.101208766159032,0.0872638639637442
"506","North Carolina.1982.Female",50,0.496211427375313,0.576278307048896,0.644902083612191,0.574310858383408,0.099441269378462,0.115368056802849,0.131015940098633,0.115111339309707
"507","North Carolina.1982.Female",55,0.507820935609306,0.593370076569764,0.671025374757702,0.591041125676016,0.102398931589465,0.118449692780063,0.135097453437552,0.118433208744652
"508","North Carolina.1982.Female",60,0.520110271632448,0.605958286356895,0.691302524615883,0.60592748197633,0.104731382815457,0.121090399669921,0.137922279264047,0.121398884173863
"509","North Carolina.1982.Female",65,0.44237119129716,0.516878467537629,0.597925678498349,0.517136438340353,0.0888689731961944,0.103483211194413,0.11928534076122,0.103600938466029
"510","North Carolina.1982.Female",70,0.337594408547659,0.416594342116117,0.500037882963698,0.4180403234004,0.0681465501282725,0.0835170765069421,0.100642130330644,0.0837511315997627
"511","North Carolina.1982.Female",75,0.155550976903864,0.233009911026154,0.307837326930807,0.23449790629604,0.0316642094955336,0.0468704472326609,0.0616736702892796,0.0469532400330813
"512","North Carolina.1982.Female",80,0.0873670156072084,0.16462197529898,0.23572765922982,0.164737798429645,0.0175227415643246,0.0330194811261628,0.0464979018126395,0.0329661940981838
"513","North Carolina.1982.Female",85,-0.734106875808798,-0.570439030636523,-0.409102450686454,-0.572517255489552,-0.152069786549954,-0.114193514778304,-0.0791785358424226,-0.11508534758705
"514","North Carolina.1982.Male",0,0.725091436892199,0.872681395595819,1.02113496706268,0.874513365355088,0.112329637774236,0.133389185005033,0.154884874804389,0.133457951799245
"515","North Carolina.1982.Male",1,0.0846646603467861,0.12360169345975,0.162111424986025,0.123088558568794,0.0129051686609108,0.0188528503624521,0.0244946489102449,0.018795392558982
"516","North Carolina.1982.Male",5,0.0177637392506436,0.0405638152550078,0.0637182390421623,0.040531999835003,0.00273743517945891,0.00615537773502644,0.00968112739335024,0.00618596833148219
"517","North Carolina.1982.Male",10,0.00405365494712055,0.0263209020788964,0.0498572412973172,0.0263709870799976,0.000626963979474948,0.00401861353746356,0.00765509977564378,0.00402416389821363
"518","North Carolina.1982.Male",15,-0.121566647949394,-0.0770046587478374,-0.0321738828792032,-0.0772181993121144,-0.0187004511987655,-0.0117703318606723,-0.0049337306920971,-0.0118097404808616
"519","North Carolina.1982.Male",20,0.0147551045328837,0.0647176653067264,0.126091447918401,0.0653881293133444,0.00223948055453005,0.00992957046894806,0.0188586788384956,0.00996949367053131
"520","North Carolina.1982.Male",25,0.245847953802442,0.303915721986582,0.367716702123403,0.304300879806198,0.0376616745342446,0.0463900287149871,0.0564606662395103,0.046460415762759
"521","North Carolina.1982.Male",30,0.429384599154796,0.490746061943966,0.561385036556504,0.492361740652358,0.0658877630503037,0.0750053290996883,0.0857662029559445,0.0751796179928022
"522","North Carolina.1982.Male",35,0.555979940559912,0.62542971808243,0.703371094863658,0.626689679492861,0.0845935517639259,0.0955876512551135,0.10746690263543,0.0957020872770778
"523","North Carolina.1982.Male",40,0.686230331305311,0.769196443756898,0.856431692324515,0.770872352584866,0.105255592978053,0.117510339927935,0.130363804246507,0.117720707961275
"524","North Carolina.1982.Male",45,0.621159462251398,0.707322373613854,0.797133898995814,0.708179748637015,0.0954101405760119,0.107628768239548,0.121753505615257,0.108133480020834
"525","North Carolina.1982.Male",50,0.556244540899113,0.647298035674239,0.740642809403576,0.647111470304935,0.0856522726474052,0.0986423575607614,0.112969401072757,0.0988036120097126
"526","North Carolina.1982.Male",55,0.676775041215417,0.762561486197149,0.858998895844821,0.76400331538123,0.103717817409169,0.116549742855091,0.130480727837601,0.116672188585609
"527","North Carolina.1982.Male",60,0.55931960010702,0.651657756041411,0.745860756379868,0.653192491957076,0.0867656503178771,0.0995810484105162,0.113083569178478,0.0997270101655319
"528","North Carolina.1982.Male",65,0.221419897225726,0.292295044225692,0.368642456620848,0.293585215289237,0.033882682126792,0.0446877399996045,0.0557411144372372,0.0448173760368649
"529","North Carolina.1982.Male",70,0.233131866625205,0.297107363364403,0.359708184919348,0.296859202487446,0.0358191225314037,0.0454831711328598,0.0549042960137362,0.0453280509535367
"530","North Carolina.1982.Male",75,-0.0043785244996047,0.0452488529111658,0.096459678933984,0.0455343706895419,-0.000687548792490858,0.00690329956061485,0.0147235777865297,0.00693590872620248
"531","North Carolina.1982.Male",80,-0.00243052575288698,0.0399112948021027,0.0789711315537491,0.0397288182283945,-0.000375464599240242,0.0061085331792858,0.01215417003424,0.00606201060626931
"532","North Carolina.1982.Male",85,-0.198416970671328,-0.144282599797426,-0.0927327595328305,-0.144969850064873,-0.0308514104086829,-0.0221494279595763,-0.0141646589997456,-0.0221656958760666
"533","North Carolina.1983.Female",0,0.534496645731711,0.6645802428911,0.806485006483754,0.666787497684467,0.108319402567923,0.131450662022653,0.155761666707129,0.131586442449306
"534","North Carolina.1983.Female",1,0.0737179745579675,0.102771707963308,0.136998645027973,0.10353839223205,0.0144799543444617,0.0201759799816848,0.0268953546725418,0.0204575249203495
"535","North Carolina.1983.Female",5,0.00874528410774076,0.0287395793941029,0.0520328566619276,0.0293523057807025,0.00170539659825989,0.00569477466049187,0.0101878928252829,0.00579798072448839
"536","North Carolina.1983.Female",10,-0.00716160023285233,0.0111673435462001,0.0323987185496014,0.0119795303319561,-0.00144596752700129,0.00219565992555024,0.00640665049893612,0.00236471710925432
"537","North Carolina.1983.Female",15,-0.0515426316337867,-0.0266356603331865,-0.00218496990264436,-0.026796920324379,-0.010224235620053,-0.005215232551862,-0.000423098962052233,-0.00530073044833255
"538","North Carolina.1983.Female",20,0.0402470468427371,0.0672959844954671,0.0937234021405718,0.0671205747063702,0.00811492695799546,0.0133012898460608,0.0187734367526028,0.0132577904046285
"539","North Carolina.1983.Female",25,0.126142573601262,0.156070254396995,0.187598172679428,0.155992145876407,0.0246343410115714,0.0307645976300366,0.0377039031780281,0.0308214140877309
"540","North Carolina.1983.Female",30,0.182779570669528,0.215046896993266,0.250575914654467,0.215146786484223,0.0357270180150717,0.0423810241161288,0.0495437078935251,0.0425068559716103
"541","North Carolina.1983.Female",35,0.284589423244027,0.326831101979928,0.372264663464119,0.327134898100272,0.0561002440317375,0.0645114550722542,0.0746374909758292,0.0646340196478368
"542","North Carolina.1983.Female",40,0.332303833248888,0.383360324681877,0.438999114798963,0.384131586254118,0.0656965319098032,0.0754784269872378,0.087819270390438,0.0758910831264626
"543","North Carolina.1983.Female",45,0.358946374095146,0.421212925730397,0.485161777799042,0.42187976206025,0.071312842380077,0.0833855980922589,0.0958117072552128,0.0833433604317538
"544","North Carolina.1983.Female",50,0.499635717922232,0.574599512980896,0.650060987376542,0.57473273628178,0.0985376636843309,0.11369044089781,0.128085429788012,0.113548619315921
"545","North Carolina.1983.Female",55,0.535628675267944,0.6143970116347,0.698708208101648,0.614735036715065,0.10541238012917,0.121530771625475,0.138689719714161,0.121439709405281
"546","North Carolina.1983.Female",60,0.538426377962916,0.623381003884208,0.707827065729252,0.623025291557238,0.106291085779548,0.123320629953566,0.139923438695658,0.123053811177834
"547","North Carolina.1983.Female",65,0.488475990663245,0.567627265522599,0.649717103914527,0.56838090118,0.0963245074795864,0.111916462084491,0.128337036185887,0.112277421638249
"548","North Carolina.1983.Female",70,0.383176617649361,0.460961425043839,0.539320864715172,0.461846021591447,0.0772700386647086,0.0909633696374835,0.106032505668006,0.0912114961584869
"549","North Carolina.1983.Female",75,0.167335846797124,0.238273048870198,0.309951078757521,0.237999695232499,0.0333190181206815,0.0470821098566469,0.0608577385801407,0.0469833297525219
"550","North Carolina.1983.Female",80,0.0963941708710683,0.16685910146391,0.239013824274792,0.167022426731337,0.0193464673646376,0.0327361898944066,0.0474015195860622,0.0329523039349754
"551","North Carolina.1983.Female",85,-0.686235414133389,-0.538615996206874,-0.401340160694322,-0.53932520027236,-0.140016832677577,-0.106386105378763,-0.0767864860989726,-0.106827149808357
"552","North Carolina.1983.Male",0,0.697937113673174,0.841181054090748,0.987846022022809,0.842680429739496,0.109943544939684,0.13058046552131,0.150810859262136,0.130359823693483
"553","North Carolina.1983.Male",1,0.0812066976133888,0.114921482533265,0.152168832149217,0.115401230279463,0.0125133059320692,0.0177742178885107,0.0236818763202862,0.0178626709025
"554","North Carolina.1983.Male",5,0.018829405282546,0.0415524541107943,0.0646386765579996,0.0418425039245564,0.00288213132791712,0.00643367055404377,0.010128797527356,0.00647544215356725
"555","North Carolina.1983.Male",10,0.000866973433435743,0.0241529707006069,0.0477823358132017,0.0246036584794326,0.000136248413606886,0.0037486599825293,0.00737306136925108,0.00380697838862633
"556","North Carolina.1983.Male",15,-0.116853537293876,-0.0721192523136212,-0.0283037100398988,-0.0718533888066601,-0.01837695098363,-0.0111744107305081,-0.00432287783914798,-0.0111397459486936
"557","North Carolina.1983.Male",20,0.00998930713432319,0.0570251723527121,0.108814763110524,0.0571674089177826,0.00151719602048126,0.00881336255509826,0.0166637251161402,0.00883785060143918
"558","North Carolina.1983.Male",25,0.222911406635723,0.275608923480291,0.331439753723254,0.275927785456241,0.0346164478670365,0.0425680824901546,0.0515439375952055,0.0427059514856063
"559","North Carolina.1983.Male",30,0.404191564597597,0.458768824479483,0.527178359223691,0.460918527281662,0.0621848332757759,0.0711570905891539,0.0815351257539944,0.071349614075864
"560","North Carolina.1983.Male",35,0.521935336717742,0.589437464734136,0.66125770638971,0.589388768334998,0.0804691855789082,0.0911987848835847,0.102435331385199,0.0912406519330633
"561","North Carolina.1983.Male",40,0.678607300099711,0.754253938767454,0.839942786591648,0.756427729523101,0.105017623748257,0.116731731709834,0.130301920034001,0.117098526053659
"562","North Carolina.1983.Male",45,0.605247684237567,0.68274414747273,0.771840591763478,0.684819644897025,0.0939051101052195,0.105530926579502,0.118750712529237,0.105998606782099
"563","North Carolina.1983.Male",50,0.547870494496577,0.638534255011367,0.723704269163263,0.637515788786467,0.0850577627047228,0.0989074073114161,0.111732233006293,0.0986682953570214
"564","North Carolina.1983.Male",55,0.679183209548457,0.777439862548662,0.868019980696634,0.776976204256329,0.105518527833628,0.120158819287365,0.133905382154337,0.120266560597552
"565","North Carolina.1983.Male",60,0.566652224296381,0.652143832344233,0.734049429637548,0.652473527276344,0.0881596727327741,0.101040205547927,0.113680085154911,0.100995914846639
"566","North Carolina.1983.Male",65,0.280376720164085,0.347169128738222,0.424038202218479,0.349007112099337,0.0433652481467486,0.053697586987287,0.065176985726368,0.0540113390227911
"567","North Carolina.1983.Male",70,0.261037044560851,0.32414170068661,0.393370501615959,0.325247486617596,0.0406530157851567,0.0501781410602933,0.0603727648677622,0.0503378478456818
"568","North Carolina.1983.Male",75,-0.00810155342826393,0.0374718634885686,0.0819577725966183,0.0374098626722636,-0.00125309664128887,0.00579000399965608,0.0127708960171562,0.00577768937678263
"569","North Carolina.1983.Male",80,0.0129180237533059,0.0517699890266819,0.0911501820686168,0.0516898494249841,0.00192736366497221,0.00803549345742571,0.0140914701049926,0.00799628643247016
"570","North Carolina.1983.Male",85,-0.201970606346898,-0.145169939060838,-0.0970596739763152,-0.146096228748883,-0.0318924003420127,-0.0224727436833301,-0.0147551083284093,-0.0226503036001525
"571","North Carolina.1984.Female",0,0.523905129246149,0.655054201307599,0.802355597881966,0.656543859280373,0.10470572521389,0.129707133094564,0.154707809752803,0.129670498617707
"572","North Carolina.1984.Female",1,0.0717219285901291,0.10125669191348,0.13651305615812,0.101686874846794,0.0140572130113878,0.0199701785861214,0.0267584407581668,0.0201001835350987
"573","North Carolina.1984.Female",5,0.00781049441789071,0.0279096545429332,0.0502716504152959,0.028181115384536,0.0015107184485503,0.00552206687085391,0.00987975623626171,0.00556620042738714
"574","North Carolina.1984.Female",10,-0.00701599256981625,0.0119926895880479,0.0325906603694651,0.0123666863597371,-0.00140895377261507,0.00238072376951272,0.00653598864004288,0.0024415978628888
"575","North Carolina.1984.Female",15,-0.0579941383526884,-0.0319329563293589,-0.00790045023640685,-0.032649549829239,-0.0114263018314625,-0.00634899477447106,-0.00154789670820019,-0.00646247133337208
"576","North Carolina.1984.Female",20,0.0425203742306204,0.0718729572282884,0.100286761560251,0.0722961840512839,0.00831684603544891,0.0142135495343058,0.0199282756186472,0.0142907887086544
"577","North Carolina.1984.Female",25,0.118375378937204,0.147877935572194,0.178488622492892,0.148383485096727,0.0230993613017147,0.0292660480766087,0.0358492645122855,0.0293393662778621
"578","North Carolina.1984.Female",30,0.17326799544326,0.208193025484989,0.243732191006875,0.208665732209069,0.0338898467188798,0.0413205792775525,0.0483391675345753,0.0412549696190929
"579","North Carolina.1984.Female",35,0.271581894201112,0.311078777408115,0.355403419310284,0.311570941784962,0.0535726600382039,0.0614913410102569,0.0705683822803652,0.0615973707942242
"580","North Carolina.1984.Female",40,0.33044560212798,0.378241393672148,0.433952714823203,0.378984142799735,0.064838426488065,0.0749698580364906,0.0860156143004964,0.0749272602125849
"581","North Carolina.1984.Female",45,0.363606314934286,0.424211319181953,0.482073730387432,0.423716188246368,0.0713063729525414,0.0836280928933731,0.0961283805829549,0.0837670407690561
"582","North Carolina.1984.Female",50,0.490443296864214,0.569210763926807,0.650737788396055,0.569366748645364,0.0980894715147127,0.112616857920008,0.127491908706084,0.112538555912642
"583","North Carolina.1984.Female",55,0.51858298311242,0.597940037654297,0.678213939822706,0.599224231846635,0.10329403854807,0.118241896021952,0.134070908171713,0.11844154810751
"584","North Carolina.1984.Female",60,0.516583362968003,0.598026527795147,0.680694550100746,0.597939126620724,0.102705097015392,0.118165715778742,0.134987372949095,0.118174737209621
"585","North Carolina.1984.Female",65,0.466580308790692,0.552961643457193,0.635533693541739,0.552631665980447,0.094234167070565,0.109194465699698,0.125159129690062,0.109204457627156
"586","North Carolina.1984.Female",70,0.404836379904961,0.477363539566327,0.564321498534116,0.477840227695024,0.0804128320202282,0.0943227633070604,0.110715971530795,0.094434087728087
"587","North Carolina.1984.Female",75,0.181709869826857,0.253485060057733,0.332054324547274,0.255659565143935,0.0361202014539407,0.0503271659050712,0.0655908157702656,0.0505058137723602
"588","North Carolina.1984.Female",80,0.0949422545519411,0.169211181633238,0.245429706568233,0.169660550306359,0.0193461546823256,0.0334500043446497,0.0476631924148009,0.0334869255880649
"589","North Carolina.1984.Female",85,-0.616639212655034,-0.470420850723582,-0.329874038008602,-0.470380047755332,-0.125480530881133,-0.0928066716960844,-0.0631686460018398,-0.0932789314366251
"590","North Carolina.1984.Male",0,0.693840457566265,0.836654141037156,0.996605099181342,0.839298287551007,0.106019613293226,0.126514166957456,0.147180577028012,0.126764580808546
"591","North Carolina.1984.Male",1,0.0743404407410264,0.107046369361732,0.142362950540487,0.1073648731814,0.0111891275930283,0.0161275710606596,0.0213545547011272,0.0162243246522227
"592","North Carolina.1984.Male",5,0.0230268480063829,0.0465186606893267,0.0691070816200253,0.046071249813807,0.00354537152368662,0.00700603987088197,0.0105017458788891,0.00696322704839572
"593","North Carolina.1984.Male",10,-0.000197774680042319,0.0225806451604815,0.0480250623311151,0.0230216680255562,-3.05009977259776e-05,0.00340366166039118,0.00723394792020628,0.00347921663933801
"594","North Carolina.1984.Male",15,-0.101481738432101,-0.0591820361185202,-0.0181146728119819,-0.059278348707564,-0.0153185773449224,-0.00894763978854484,-0.00265585423640903,-0.00897489757180218
"595","North Carolina.1984.Male",20,0.0263163237723211,0.0748208162563491,0.131846831627244,0.0761089786152324,0.00393416470344522,0.0113305368928087,0.019845218543959,0.0114967024856171
"596","North Carolina.1984.Male",25,0.194190050907169,0.248474224189988,0.311596034179912,0.249729367199396,0.0296046026386063,0.0375713572766382,0.0465228678698744,0.0377381940433571
"597","North Carolina.1984.Male",30,0.388086871589071,0.453948104596203,0.515474028064798,0.454225536379182,0.058888711982174,0.0686592718366343,0.0785013713360066,0.0686524386045786
"598","North Carolina.1984.Male",35,0.51019741591705,0.568003919346663,0.634564289533547,0.569552897822326,0.0771081122278145,0.0858995052638717,0.0956097426470207,0.0860870224948586
"599","North Carolina.1984.Male",40,0.664049736611136,0.740318616734187,0.816192232526632,0.739395016636151,0.0997677207551002,0.111949535781573,0.123465201920054,0.111760757518406
"600","North Carolina.1984.Male",45,0.583145386362909,0.660257164190404,0.741497949224217,0.660298665860693,0.0878760098227653,0.0996061897820753,0.112502886193166,0.0998005206033791
"601","North Carolina.1984.Male",50,0.563116139467321,0.651743355413675,0.748673681995778,0.652913281524217,0.0861139918215002,0.0985047878358211,0.112304866596402,0.0986695227653617
"602","North Carolina.1984.Male",55,0.689397037030854,0.783471051053856,0.875820133858629,0.783860324945705,0.105155432797339,0.118491031299082,0.132147505160621,0.1184632206413
"603","North Carolina.1984.Male",60,0.609453856863099,0.696247421772315,0.789219815721101,0.696802540250771,0.0925939263137235,0.105233526813606,0.118868492100887,0.105299277748054
"604","North Carolina.1984.Male",65,0.340030444511523,0.413780971140976,0.49230351908204,0.414562830445185,0.0516290748595501,0.0625616705869965,0.0740096024693005,0.0626552343424539
"605","North Carolina.1984.Male",70,0.32197071677353,0.385128054986193,0.446314524362186,0.385825439601309,0.0490401483586996,0.0582136167766397,0.0674152734353828,0.0583136402435954
"606","North Carolina.1984.Male",75,-0.010140973369116,0.0380212876468855,0.0853442606216363,0.0376552701501735,-0.00160909826653359,0.00573044317441189,0.0128177111619792,0.00567882697303537
"607","North Carolina.1984.Male",80,0.036850615316948,0.0745522800435718,0.111285478235745,0.0747238503579215,0.00562161025015433,0.0112552074008024,0.0167271010904832,0.011289802638968
"608","North Carolina.1984.Male",85,-0.189520096180969,-0.1339931130366,-0.0878274723796118,-0.134526758105385,-0.0285433212346988,-0.0202488930915498,-0.0130876583640203,-0.0203616126796649
"609","North Carolina.1985.Female",0,0.536655787942168,0.655653579568785,0.795129483148363,0.657990297502284,0.108016070204444,0.130123641746672,0.155156902642109,0.130271292813833
"610","North Carolina.1985.Female",1,0.069846023725784,0.0986691048611125,0.133042498551586,0.0995445463686061,0.0137598126286806,0.0195415380679345,0.0263626948979443,0.0197222705280472
"611","North Carolina.1985.Female",5,0.00812237041255637,0.0281062981387672,0.0506200061147284,0.0284617129604343,0.00158794194016379,0.00554958123287172,0.0100116069575952,0.00563725076342435
"612","North Carolina.1985.Female",10,-0.0052874830144745,0.0129631148402418,0.0337717168792459,0.0131799449538972,-0.00105450337583363,0.00255797444955833,0.00668794184861024,0.00261000234524262
"613","North Carolina.1985.Female",15,-0.0592362589795625,-0.0357570255140878,-0.00779538811176727,-0.0353511715284924,-0.0118033476538485,-0.00708510403688366,-0.00153648147600521,-0.00701440823622887
"614","North Carolina.1985.Female",20,0.0465880923020332,0.0746908231643622,0.107177652372921,0.0750061424992021,0.00914279584834233,0.0147724742863933,0.0211814882095037,0.0148578897853738
"615","North Carolina.1985.Female",25,0.117086937287503,0.144314105429158,0.173924654243734,0.144322149957803,0.0233457313086113,0.0285747423583996,0.0345828872717796,0.0286006371657205
"616","North Carolina.1985.Female",30,0.174825913617033,0.207633656837244,0.243479874457256,0.208097898278064,0.03434656241299,0.0411537870773681,0.048391392911922,0.0412401750011519
"617","North Carolina.1985.Female",35,0.254272471619106,0.294690921524622,0.336503275167357,0.295060155985025,0.0505799147563003,0.0584371943082374,0.0667972643611888,0.0584750151878701
"618","North Carolina.1985.Female",40,0.315510282809247,0.365135131770287,0.420410807586554,0.366295160798525,0.0623136883280092,0.0725030860000473,0.0837126523136095,0.0725933608927426
"619","North Carolina.1985.Female",45,0.366656689693247,0.433363426422034,0.495468085960543,0.432065003139725,0.0726820618137358,0.0856645668181499,0.0986680541550414,0.0856012979167632
"620","North Carolina.1985.Female",50,0.475627141322275,0.548137970870348,0.623104100370685,0.548143438523394,0.0943000244507535,0.108504135317152,0.122912936066743,0.108602359918683
"621","North Carolina.1985.Female",55,0.527805443653528,0.605008969385953,0.688089499202185,0.605387758634646,0.104657985676875,0.119907560097676,0.135732879114121,0.119946802869539
"622","North Carolina.1985.Female",60,0.513565816081807,0.592550664708005,0.677390047345354,0.59433521772404,0.10284069629324,0.117608963551932,0.134766130097086,0.11774860331353
"623","North Carolina.1985.Female",65,0.451891013873555,0.532650157429362,0.610383843982515,0.531099370601934,0.0892762763576088,0.105524534986572,0.120879531024012,0.10522116953171
"624","North Carolina.1985.Female",70,0.376905183965452,0.457380845885444,0.539716527175168,0.458554736915232,0.0750096593870312,0.0906606689817459,0.105887180886828,0.0908303930279719
"625","North Carolina.1985.Female",75,0.173187347767416,0.24307541715944,0.313941710541323,0.243606410481593,0.035100972600563,0.0481642443739536,0.0616077022335105,0.0482295044831327
"626","North Carolina.1985.Female",80,0.0958111793409794,0.164719765139365,0.233258465256941,0.165064019541344,0.0195940839137187,0.0326161748561378,0.0456834696158915,0.0326689739409345
"627","North Carolina.1985.Female",85,-0.519102474310612,-0.380538011091835,-0.257140493185461,-0.381629136514205,-0.10593633211968,-0.0754684354246414,-0.0498532707403342,-0.0758425912494412
"628","North Carolina.1985.Male",0,0.634803660727886,0.779584201220887,0.923272566541775,0.77889285100977,0.0942446620022691,0.114048117144178,0.132522405614269,0.113861810163815
"629","North Carolina.1985.Male",1,0.0745223919163541,0.110001790475397,0.14699480977646,0.109692664244681,0.0108101205466672,0.0160668896920432,0.0216032695579802,0.0160428295053961
"630","North Carolina.1985.Male",5,0.0247600361681369,0.0494986009042385,0.0727258873483957,0.049475121022778,0.00354263680231738,0.00721528630075155,0.0106442440580693,0.00723426482204794
"631","North Carolina.1985.Male",10,1.24704867154952e-05,0.0215280592890474,0.0464782512319752,0.0217798703559251,1.83677293913278e-06,0.003127934000394,0.00679930567703219,0.00318068622308279
"632","North Carolina.1985.Male",15,-0.0956773135792244,-0.0539727441086378,-0.00592062412733972,-0.0529028366921087,-0.0141863782390632,-0.00789357042513334,-0.00084649844120868,-0.00775153260668141
"633","North Carolina.1985.Male",20,0.0472031103443523,0.10081318733654,0.154052447967152,0.100542502361693,0.00695352186147308,0.0147593702097871,0.0226136010524012,0.0146960519415764
"634","North Carolina.1985.Male",25,0.203291000860881,0.260486086304462,0.317993664879979,0.259937022315617,0.0300069524441407,0.0380646941360792,0.046224147649764,0.0380174654285137
"635","North Carolina.1985.Male",30,0.379030310182386,0.437579516817133,0.505059765244226,0.439243715047096,0.0554075404069198,0.0641319344587931,0.0737842378100618,0.0642496205923298
"636","North Carolina.1985.Male",35,0.53217159475767,0.594808463302167,0.661633985131902,0.595773499262043,0.0772867486794114,0.0870946756931958,0.096791753947301,0.0871463202643516
"637","North Carolina.1985.Male",40,0.66602392972439,0.738734115209575,0.815889821207504,0.740805413666872,0.0979132621518771,0.108481291176833,0.118641274365777,0.108358378937826
"638","North Carolina.1985.Male",45,0.630489056845229,0.701976413609642,0.779627564306188,0.702702891378532,0.0922594958114538,0.102913758078888,0.113564504495976,0.102789054709082
"639","North Carolina.1985.Male",50,0.624599571678657,0.710819759859763,0.797497663024458,0.711129678160688,0.0913224118314166,0.104143528784205,0.116254556970279,0.104015434053003
"640","North Carolina.1985.Male",55,0.688851244402844,0.785784450137001,0.876131551167327,0.784674489089357,0.101783893710079,0.114863125154974,0.128501337908332,0.114771832973586
"641","North Carolina.1985.Male",60,0.662868301410899,0.747952283039624,0.8425590272692,0.749673456942862,0.0970652927081495,0.109375764030656,0.123030816478324,0.109645863138487
"642","North Carolina.1985.Male",65,0.373737841377696,0.441072592074342,0.517230462519828,0.441801065528977,0.0546862484723995,0.0646416197951479,0.0754633774529131,0.0646156371481376
"643","North Carolina.1985.Male",70,0.313712092044027,0.377118933411011,0.442651947257561,0.377049437507007,0.0457084879048288,0.0551527423350738,0.0643427544015642,0.0551462703455683
"644","North Carolina.1985.Male",75,0.0527248237111194,0.0990808509492742,0.150861529266394,0.0988369384887926,0.00781165694912603,0.0144670624781399,0.0217050474823491,0.0144477887471829
"645","North Carolina.1985.Male",80,0.0323750434105987,0.0684463252093375,0.102454308308675,0.0682136266384151,0.00472437795261473,0.0100154147914773,0.0150936198122082,0.0099749863479451
"646","North Carolina.1985.Male",85,-0.18918289790138,-0.138870541229491,-0.0967801061098325,-0.139614723723144,-0.0281435833099699,-0.0202833880292402,-0.0141720190267194,-0.0204427627352503
"647","North Carolina.1986.Female",0,0.588875108725877,0.718548114484888,0.851000988833045,0.718462941021998,0.11746274630779,0.141874589023515,0.165539722563163,0.141664935655854
"648","North Carolina.1986.Female",1,0.0652294226123081,0.0961443982033865,0.128095227409598,0.0965080832892001,0.0129421069119661,0.0189128505929478,0.02554898268532,0.0190470033636362
"649","North Carolina.1986.Female",5,0.00830055461000336,0.0286452737417047,0.0504418836453596,0.0287187577770452,0.00165752632924256,0.00562729754165342,0.00982211327885794,0.00566492776680596
"650","North Carolina.1986.Female",10,-0.00395325597810012,0.0146319817311966,0.0352759745807973,0.0148695325805674,-0.000790175584801188,0.00290993180214879,0.00695997583240455,0.00293308723128962
"651","North Carolina.1986.Female",15,-0.0595339657303484,-0.0345312723029682,-0.00839648070817178,-0.0343116783362973,-0.0118982056530742,-0.00678912590442842,-0.00168677586859551,-0.00678036525982446
"652","North Carolina.1986.Female",20,0.0435542523302338,0.070692550712752,0.101240196658914,0.0715639052471305,0.00859263287465459,0.0139367514656351,0.0203481218640873,0.0141236657613136
"653","North Carolina.1986.Female",25,0.115175179422694,0.143254288710447,0.173498946993155,0.143577026811382,0.022813962619863,0.0282547574863242,0.0341880996155972,0.0283320043826521
"654","North Carolina.1986.Female",30,0.182884496211241,0.213650656718481,0.248905444668395,0.214371300367126,0.0359425785788923,0.0422252194102023,0.0492307601956924,0.0423059123767405
"655","North Carolina.1986.Female",35,0.250601085860323,0.286366696867725,0.325735537094638,0.286950782758586,0.0493024894509458,0.0564486451470557,0.064193482013966,0.0566337421937862
"656","North Carolina.1986.Female",40,0.318191835976987,0.366051615893441,0.416486480470829,0.366747309361521,0.0627171597892461,0.0724062972100551,0.0825123443849853,0.0723917188600164
"657","North Carolina.1986.Female",45,0.382718657978968,0.445502928493229,0.508777604315378,0.446238090621296,0.0763834205219076,0.0877640232437298,0.100818449539857,0.0880529807525172
"658","North Carolina.1986.Female",50,0.471043584703171,0.542191727230377,0.614531391583119,0.541313218058346,0.0933440374596435,0.106891672410756,0.121145966213324,0.106811572397372
"659","North Carolina.1986.Female",55,0.505487816979305,0.584277148381619,0.664875912424421,0.585128252891451,0.100446994115573,0.115332401642742,0.130850068923892,0.115451741878479
"660","North Carolina.1986.Female",60,0.537265965141401,0.620489304415635,0.711859117719025,0.62125068637961,0.10662678178019,0.122528441759012,0.138779548046693,0.122571192046394
"661","North Carolina.1986.Female",65,0.398474466604207,0.477897323627592,0.562767823491998,0.479569172549838,0.0789819804169118,0.0947093324375698,0.11041202014914,0.0946195529458157
"662","North Carolina.1986.Female",70,0.3655431428971,0.445970308270941,0.525941780390754,0.446539692920525,0.0726964380524728,0.0877459252970228,0.103334704934723,0.0880935048572224
"663","North Carolina.1986.Female",75,0.183007228841666,0.252398869228298,0.32497843860655,0.253845393176479,0.0362177959042159,0.0500770611780835,0.0634172753897166,0.0500578586009189
"664","North Carolina.1986.Female",80,0.0776212012996919,0.145458623872984,0.207381963598421,0.145482254542062,0.0155571712742254,0.0286524962353693,0.0406651899252412,0.0286742593826589
"665","North Carolina.1986.Female",85,-0.484309117181045,-0.357601246520485,-0.23345369834168,-0.356995713621936,-0.0977334994292959,-0.0708443142590667,-0.0441231261520673,-0.0706492951936481
"666","North Carolina.1986.Male",0,0.628905283940855,0.75564319555402,0.887836842849275,0.754602681072949,0.0918490589540757,0.108500012215663,0.12592251273401,0.108266507483558
"667","North Carolina.1986.Male",1,0.0780027683205221,0.112887440446267,0.154377708584544,0.113627307249289,0.011220850271664,0.0162996445265006,0.0221241283847606,0.0163049478018596
"668","North Carolina.1986.Male",5,0.0317249068662657,0.0552870387221913,0.0829396744860278,0.0556264011140764,0.00451847316032714,0.00795928128980611,0.0116701194352401,0.00798228751996252
"669","North Carolina.1986.Male",10,-0.00115274854818483,0.021374261524581,0.0456742944002907,0.0216243592757174,-0.000167103630445771,0.0030572961358183,0.00651416720024903,0.00310140302427047
"670","North Carolina.1986.Male",15,-0.104789466837148,-0.0609411002316124,-0.0155656023957018,-0.0606469583090333,-0.0151719971518963,-0.00870966576041863,-0.00223392175171586,-0.00871810340653159
"671","North Carolina.1986.Male",20,0.0750784994752328,0.129705212360375,0.193518340549874,0.131021520499149,0.010848417366623,0.0186590748446313,0.0273927076741997,0.0188001638391037
"672","North Carolina.1986.Male",25,0.221004203054239,0.274477724862755,0.331697910950438,0.273479858901448,0.0318839264635884,0.039190766334446,0.0475578459654542,0.039250110974593
"673","North Carolina.1986.Male",30,0.398009274076933,0.459573738385805,0.527773268680556,0.461066084478237,0.0574271802605486,0.0659310617678665,0.0756176424709508,0.0661886966138623
"674","North Carolina.1986.Male",35,0.548463151714495,0.613247474011806,0.678807406039026,0.613245347748175,0.0787741416631268,0.0882415049801608,0.0970847637025618,0.0880359803889043
"675","North Carolina.1986.Male",40,0.642181972417606,0.719106962077386,0.790310198223028,0.717705790901984,0.0920605763678396,0.103071743794197,0.113463117072998,0.103035847592037
"676","North Carolina.1986.Male",45,0.639741405820723,0.718382110329741,0.79879252743026,0.719679390134968,0.0922968149992771,0.103135028807246,0.114534978422399,0.10331116688683
"677","North Carolina.1986.Male",50,0.667537096648449,0.762771357483396,0.857976523481869,0.762648647953104,0.0963607202618951,0.109408585728462,0.122672344184614,0.109471582006826
"678","North Carolina.1986.Male",55,0.696255060388281,0.793456365383221,0.883932377788644,0.793250867529901,0.100870341229426,0.11407468170173,0.127145790325339,0.113860330817747
"679","North Carolina.1986.Male",60,0.624147115003654,0.715989229162127,0.804983022296233,0.714954396678214,0.0902817755448172,0.102513359041553,0.115559567897732,0.102626362683688
"680","North Carolina.1986.Male",65,0.417225745475908,0.490314630466383,0.56572075421282,0.491139612329592,0.0600543773933785,0.0704240278199585,0.0811730303908006,0.0705029582757815
"681","North Carolina.1986.Male",70,0.280287385132304,0.346352415771453,0.413692951808174,0.346312202089872,0.0407065575951941,0.049642468668311,0.0592469864143028,0.0497134236272792
"682","North Carolina.1986.Male",75,0.0645568983060823,0.112823868943214,0.156782767691089,0.112540671340582,0.00919227155007143,0.0161453021948069,0.0226691949498152,0.0161491209490561
"683","North Carolina.1986.Male",80,0.0351328400159043,0.0689020219272512,0.10269625254457,0.0688961943016344,0.00506907324615754,0.00994907939402345,0.0147474616438226,0.0098885819337536
"684","North Carolina.1986.Male",85,-0.166772195899273,-0.123559993112182,-0.0813021205089972,-0.12363958591538,-0.0244282901624061,-0.0177342484166357,-0.0115033755888905,-0.0177713690125807
"685","North Carolina.1987.Female",0,0.599078299387352,0.729944563042215,0.873099250752301,0.730845291509755,0.117522696831099,0.140666654755371,0.16569753599845,0.141245817741058
"686","North Carolina.1987.Female",1,0.0644414175240671,0.0924098453470338,0.122226525559161,0.0926363643440017,0.0124469627560734,0.0178430900236733,0.023749956754543,0.0179189328532899
"687","North Carolina.1987.Female",5,0.00963191560396191,0.0294484976969505,0.0506408123809941,0.0300490971358687,0.00191164728425784,0.00572428954272352,0.00978144745928106,0.00580992326732943
"688","North Carolina.1987.Female",10,-0.00111083594888104,0.0161021143375112,0.0374635827043093,0.0165677590180022,-0.000218863494111783,0.00310861405875859,0.0072054913833667,0.00320375187419479
"689","North Carolina.1987.Female",15,-0.0518454916874766,-0.0280971550255425,-0.00256950867254775,-0.0281299800943131,-0.0101474497215949,-0.00545080575976405,-0.0004946198121885,-0.00544916838959231
"690","North Carolina.1987.Female",20,0.0430920735110403,0.071890658400735,0.102277792896973,0.0715955585728086,0.00832461099259168,0.0138345882142883,0.0197836726695688,0.0138493578334259
"691","North Carolina.1987.Female",25,0.118466853318757,0.147715441957505,0.17591922716343,0.147310388329706,0.0227780157877764,0.0284563896185301,0.0338822602370887,0.0285028954285288
"692","North Carolina.1987.Female",30,0.190943037720359,0.223235322813425,0.260896782397318,0.224098315608931,0.0367648601269566,0.0432329664203362,0.0507568508884152,0.0433594299605794
"693","North Carolina.1987.Female",35,0.233441616203999,0.270054249679468,0.305825286930071,0.27015298367879,0.0452738556715725,0.0522432044581488,0.0596419944547722,0.0522706272406955
"694","North Carolina.1987.Female",40,0.321040473806466,0.373167505525463,0.424030086709386,0.373423663921993,0.0615443080154541,0.0722668989189694,0.0821484043868612,0.0722528632675686
"695","North Carolina.1987.Female",45,0.396935476797138,0.45994655154651,0.527630881015284,0.459780004018809,0.077275107194911,0.0887029320040218,0.10153624826585,0.0889359248661593
"696","North Carolina.1987.Female",50,0.47034075283679,0.537067166360106,0.608720419985764,0.536870883024974,0.091040306060152,0.103674758186868,0.117816607348225,0.103856505258528
"697","North Carolina.1987.Female",55,0.454857591345718,0.531927074745044,0.613561420003939,0.532798327271104,0.088393086903928,0.102949201472925,0.117992976767836,0.103058632959022
"698","North Carolina.1987.Female",60,0.571517376577702,0.655359745163586,0.742507407151179,0.65564306823346,0.110827471612145,0.126481576482889,0.143307799495742,0.126817783933213
"699","North Carolina.1987.Female",65,0.454511080961789,0.528401536584505,0.610247988136462,0.528563196434202,0.0878138577590678,0.102175616037348,0.11681551287362,0.102239625975957
"700","North Carolina.1987.Female",70,0.377347241405116,0.448821864083145,0.534454658938006,0.450189663194618,0.0736853839973498,0.0868394527891191,0.102594333443323,0.0870554546832049
"701","North Carolina.1987.Female",75,0.198784567455362,0.266516227393628,0.333326561346479,0.266384868656535,0.0384795859919742,0.0514205011645587,0.0642397374128581,0.0515040027094065
"702","North Carolina.1987.Female",80,0.0713003921851235,0.130621125303438,0.199576821767626,0.131885334504008,0.0138686383572708,0.0252511259302308,0.0380472743843123,0.025479073033587
"703","North Carolina.1987.Female",85,-0.445453644037449,-0.317514439276073,-0.20143148642063,-0.319013573230126,-0.0896278825552865,-0.0615275780877489,-0.0382355061985078,-0.061911434496156
"704","North Carolina.1987.Male",0,0.66590372292314,0.805624908742788,0.938462606933196,0.803100291336057,0.093766030067865,0.11114633064912,0.127571877207326,0.110995808423992
"705","North Carolina.1987.Male",1,0.0898951675947095,0.125048737849265,0.164570265086183,0.125989763806159,0.0125116639940692,0.0173242776910061,0.0228133454306884,0.0174175531024882
"706","North Carolina.1987.Male",5,0.0296689474338917,0.0553661000657945,0.0827018388727822,0.055488943978233,0.00408675249624515,0.0075936173104016,0.0114233620696171,0.00766959632789284
"707","North Carolina.1987.Male",10,0.00531047657467529,0.0262514575119483,0.0499461813767356,0.0266829868240712,0.0007318767110709,0.0036160229188791,0.00684977444729384,0.0036861118983961
"708","North Carolina.1987.Male",15,-0.0907123772128216,-0.0466739730565289,-0.00130823822944499,-0.0462386947914796,-0.0124945859516221,-0.00642643402113206,-0.000184345659326291,-0.00640485497189522
"709","North Carolina.1987.Male",20,0.0843004554665698,0.141793457095345,0.198960074539796,0.1416653886469,0.0115662739007085,0.0196254101449331,0.0271746742274313,0.0195816096271501
"710","North Carolina.1987.Male",25,0.235751023907536,0.292417510741993,0.348341823927617,0.293089967514753,0.0327380470325478,0.0405133972792802,0.0480911981737826,0.0405186395641421
"711","North Carolina.1987.Male",30,0.388751854340391,0.452025591238264,0.516732461704045,0.452780582861898,0.0542033448929932,0.0624428082900089,0.0714916015201651,0.0626037272937387
"712","North Carolina.1987.Male",35,0.543856062118092,0.608709320320323,0.673877925271127,0.608144882137997,0.0752142078278158,0.0841279485177668,0.0932043769158992,0.0840898439772506
"713","North Carolina.1987.Male",40,0.640150938596952,0.712936139432037,0.790952437910734,0.713469780995208,0.088543238355881,0.0985737971429369,0.109478279878021,0.0986574295411927
"714","North Carolina.1987.Male",45,0.684285416767795,0.761405081643688,0.846685574236726,0.761217910373064,0.0944870807807143,0.105209642145351,0.117050741449296,0.105254364931782
"715","North Carolina.1987.Male",50,0.708541124544292,0.804079762091161,0.899253918456354,0.8034144335077,0.0981468059210723,0.111206303041432,0.123860778351987,0.111077299649938
"716","North Carolina.1987.Male",55,0.720609548930833,0.815353294743065,0.909385312642045,0.815078075000091,0.0995974182611001,0.112505117626098,0.125701392757698,0.112690843547907
"717","North Carolina.1987.Male",60,0.587285520776708,0.671635706953157,0.764941494432537,0.671584280633593,0.0818764686702458,0.0926208261779417,0.105161726951074,0.0928523936522783
"718","North Carolina.1987.Male",65,0.484520981288578,0.557157336214593,0.628913093661141,0.557373159167936,0.0674644768538519,0.0770528914900417,0.086537662356137,0.0770612491834018
"719","North Carolina.1987.Male",70,0.290827046100097,0.357261137075043,0.423587557845337,0.356015774391192,0.0403063221424064,0.0493208978671168,0.0583747245020178,0.0492193422684354
"720","North Carolina.1987.Male",75,0.090812089714178,0.135560735874324,0.181338888983636,0.135471092157284,0.0125114882204565,0.0186686978896207,0.0250003607517416,0.0187240534670031
"721","North Carolina.1987.Male",80,0.0181158321560374,0.0538157746259301,0.0881833428557244,0.0535067876101452,0.00250986968696185,0.00748503407889254,0.0120973225980763,0.00739433385335505
"722","North Carolina.1987.Male",85,-0.140690235802546,-0.0946760007459512,-0.0513281201655785,-0.0945530345719994,-0.0194797452419605,-0.0130478782172073,-0.00702039802996681,-0.0130893453384482
"723","North Carolina.1988.Female",0,0.608793505828503,0.742033578805737,0.888134339729638,0.744864392292395,0.119086945842321,0.142378038462853,0.1666644823706,0.14287736573702
"724","North Carolina.1988.Female",1,0.0617747852501209,0.0890786661964743,0.118362577737717,0.0893002177747043,0.0116831238523848,0.0170907910904528,0.0229478034798406,0.0171438243295601
"725","North Carolina.1988.Female",5,0.0125642761492475,0.0320322653638892,0.0541129865855786,0.0327250185062116,0.00243863360153174,0.00616637230584067,0.0105402838856797,0.00628305061294337
"726","North Carolina.1988.Female",10,-0.00118829975427236,0.0168904592156218,0.0382535976836119,0.0171982759641249,-0.00023338391674256,0.00319839609436003,0.00724369939270113,0.00329810485426269
"727","North Carolina.1988.Female",15,-0.0483208784736168,-0.0254878100628785,-8.2581845431263e-05,-0.0252389559431375,-0.00950555018946318,-0.00494249547452521,-1.57987106020114e-05,-0.00485490611251245
"728","North Carolina.1988.Female",20,0.04806840226705,0.0759974663200808,0.108084421138193,0.076423446500628,0.00909790771032485,0.0146411647694951,0.0205096809873198,0.0146734086356525
"729","North Carolina.1988.Female",25,0.115909974062928,0.147778327718359,0.177435582710087,0.147382684351833,0.02250230888054,0.0283646699384887,0.0340604036716307,0.0283044443781717
"730","North Carolina.1988.Female",30,0.200161538080301,0.23254789486307,0.266942905511716,0.232607809891373,0.0381975838068776,0.0445987618256007,0.051190605781629,0.0446677940713674
"731","North Carolina.1988.Female",35,0.232478157741601,0.267059585070011,0.301213730502682,0.2671079779133,0.0441451732429781,0.0512554750198954,0.058457385771378,0.0512929903301018
"732","North Carolina.1988.Female",40,0.323136824444203,0.373502840313632,0.423253671069101,0.373498558126866,0.0618380994822794,0.0716925813368218,0.0812119303647705,0.0717207748766148
"733","North Carolina.1988.Female",45,0.396342622055976,0.459334520778089,0.523707917363016,0.45932758204371,0.0767129405314178,0.087894093768908,0.10068755034144,0.0881936858585808
"734","North Carolina.1988.Female",50,0.46583377850459,0.535062147436788,0.605393050179493,0.535391473681877,0.0898600396880913,0.102811160731436,0.116748654087806,0.1027934165384
"735","North Carolina.1988.Female",55,0.437867902695075,0.518560822073017,0.596279391112762,0.519409364366749,0.0849884805254107,0.099711669897308,0.114725012932743,0.0997072048689585
"736","North Carolina.1988.Female",60,0.548237382400413,0.626900756132199,0.704949561671594,0.625669681998968,0.10528704370419,0.120137634794216,0.134158258499212,0.120117261026052
"737","North Carolina.1988.Female",65,0.424462674689952,0.498660065954234,0.575273552143552,0.49971789290228,0.0818277381038281,0.0957693709644767,0.111183962286673,0.0959368767456228
"738","North Carolina.1988.Female",70,0.375156210866438,0.4559375711858,0.528395967381598,0.455149844512714,0.0733852091895609,0.0873186334302792,0.101461195865634,0.087372443652674
"739","North Carolina.1988.Female",75,0.238665302549824,0.308090902408435,0.380728204390086,0.308080025452769,0.0465196036655003,0.0591503608852338,0.0724996954158005,0.0591165324617364
"740","North Carolina.1988.Female",80,0.0522469178269421,0.11094077198454,0.172537457087489,0.112018147910506,0.0102749949162799,0.0212723382929517,0.0332447631835868,0.0214829264393185
"741","North Carolina.1988.Female",85,-0.376480365041021,-0.260090435104905,-0.152564564733859,-0.260200409961714,-0.0736669821148931,-0.0498808957030671,-0.0284193668013193,-0.0501271993045245
"742","North Carolina.1988.Male",0,0.729069306975384,0.870371322515353,1.01861481619913,0.872207982353958,0.0983666222253187,0.117189271280988,0.134282762033412,0.117104119558023
"743","North Carolina.1988.Male",1,0.093367855069947,0.128839498726929,0.166341761360739,0.129276616081679,0.0125727348535779,0.0173064308215889,0.0224024290487069,0.0173654131607092
"744","North Carolina.1988.Male",5,0.0304884266538678,0.0534512181870299,0.0804026668117342,0.0540835700989843,0.00412113645890262,0.00715862442522135,0.0108537814878837,0.00726350477426612
"745","North Carolina.1988.Male",10,0.00582303226514408,0.0269883047235669,0.0523474823867732,0.0276648922205287,0.000786625504643274,0.00361650732644191,0.00704523734358687,0.0037141035126923
"746","North Carolina.1988.Male",15,-0.0605505725724694,-0.0171428970120857,0.0331862321325809,-0.0161494534157057,-0.00828512113209666,-0.00229670117516159,0.00442278891110605,-0.00218254368154454
"747","North Carolina.1988.Male",20,0.109900921419476,0.165834468805057,0.225399431728367,0.166238434432324,0.0149875421288797,0.0222668563380336,0.0301738039682756,0.0223249877429425
"748","North Carolina.1988.Male",25,0.265178091024441,0.323248407367676,0.38342107525698,0.32409881514586,0.0359282260127911,0.0434165915728369,0.0516238357692299,0.0435350358449419
"749","North Carolina.1988.Male",30,0.406920371655806,0.473813131485183,0.539342305911548,0.473513229668106,0.0545879546638792,0.0636846057014049,0.072226876269676,0.0636100204111369
"750","North Carolina.1988.Male",35,0.563742376948775,0.626504144778262,0.698162811912447,0.62828197745074,0.075702982204401,0.0841630253540126,0.0937481206031412,0.0844022105589738
"751","North Carolina.1988.Male",40,0.657618539879377,0.724506050382451,0.798281387105082,0.725185424734678,0.088430901236164,0.0974615887607064,0.107160489174939,0.097420360556524
"752","North Carolina.1988.Male",45,0.706717869996497,0.782371357187746,0.866018388197761,0.783663012517019,0.0953728364118774,0.105117584570915,0.11597329634528,0.105270607652285
"753","North Carolina.1988.Male",50,0.726459747983119,0.813423556787275,0.903166466459561,0.81402474349457,0.0983137329081315,0.109087045854204,0.120439293824238,0.10934836639723
"754","North Carolina.1988.Male",55,0.729739680469143,0.825342905257115,0.924754212542474,0.826236272385965,0.0989544101470763,0.110989412394645,0.123641448218421,0.110979578496591
"755","North Carolina.1988.Male",60,0.587792522715489,0.67361424661943,0.757441627591295,0.674287954195399,0.0795368399196125,0.0906418534071199,0.102269682135616,0.0905785556255718
"756","North Carolina.1988.Male",65,0.427144103874474,0.502176404147054,0.582886407430013,0.502854559541514,0.0578061608843765,0.0673867811299549,0.0774649733966291,0.0675412390313863
"757","North Carolina.1988.Male",70,0.31402009839376,0.377136131614857,0.442936254925195,0.378281865856359,0.0425550253390409,0.0507939191744673,0.0593101147301765,0.050813054031044
"758","North Carolina.1988.Male",75,0.101307845542145,0.146978709229477,0.19105948688744,0.146378514988075,0.0137084981088518,0.0196756341027283,0.025679218640457,0.0196581285605114
"759","North Carolina.1988.Male",80,0.00290787474895804,0.0342461592509482,0.0680192685583253,0.0340567340934243,0.000388407685342237,0.00456043260257678,0.00919597617972442,0.00457164815172551
"760","North Carolina.1988.Male",85,-0.138534341566445,-0.0997690343685096,-0.056918469113492,-0.0990161899735325,-0.0188703015834229,-0.0134217135122818,-0.00756534248185696,-0.0133183903850093
"761","North Carolina.1989.Female",0,0.618650238417695,0.740521452097518,0.876518371657714,0.741951651221022,0.121288639041037,0.142817962807911,0.166095971952309,0.142930487880206
"762","North Carolina.1989.Female",1,0.0490817856788276,0.0777698010561496,0.107749186133504,0.0779083548939054,0.00937528919027065,0.0149479097015048,0.0207480565007408,0.0150171586443025
"763","North Carolina.1989.Female",5,0.0140516695581683,0.0325020813466681,0.0549905689773629,0.0330872164597901,0.00272153306110284,0.00622934239869387,0.0106807395639813,0.00637509436493137
"764","North Carolina.1989.Female",10,0.000747267498774035,0.0189885900910163,0.0377924746502979,0.0190238499514806,0.000145817627784029,0.00365707742437195,0.00731271215963267,0.00366592831483012
"765","North Carolina.1989.Female",15,-0.0512790718187192,-0.0264388060460584,-0.00188996310328451,-0.0266922636953979,-0.00987003493931283,-0.00510372291310307,-0.000359279345331896,-0.00515081287035282
"766","North Carolina.1989.Female",20,0.046690338478796,0.0754431653278865,0.106404356248011,0.0756392781917226,0.00905023037482258,0.0144953852970719,0.0202575227747856,0.0145742951828437
"767","North Carolina.1989.Female",25,0.11762157984588,0.148015346170656,0.178894608120571,0.14820809837006,0.0226458375583578,0.0284773118081494,0.0349422086384065,0.0285764138541521
"768","North Carolina.1989.Female",30,0.212004899260146,0.244547400077116,0.278874371148651,0.245204011431442,0.0407631677756153,0.0473509033464515,0.0539457070399247,0.0472713111530682
"769","North Carolina.1989.Female",35,0.237179657854397,0.271899251619872,0.308707967140808,0.272193641869981,0.0454490423046476,0.0523262438482339,0.0600459156330505,0.0524775329189456
"770","North Carolina.1989.Female",40,0.331869859466226,0.380842394947574,0.426919437014925,0.380234891947901,0.0640867418001097,0.0734287701926127,0.0825166225751807,0.0733012235352173
"771","North Carolina.1989.Female",45,0.396819627694003,0.456767495171018,0.521108071997111,0.456841474876484,0.0772784905259834,0.0881212374244062,0.0993360282738236,0.0880687021984524
"772","North Carolina.1989.Female",50,0.482182579719166,0.550046681070745,0.61762317137646,0.549823106780678,0.0924230158639827,0.106229043408513,0.118464014408248,0.105989179391509
"773","North Carolina.1989.Female",55,0.445326781320615,0.520098169299609,0.607474671537057,0.521253086522731,0.0857385222202409,0.10029366645035,0.115369923262008,0.100469396462028
"774","North Carolina.1989.Female",60,0.559244597829775,0.636231690462852,0.721787803536175,0.637424733007006,0.107818758602175,0.122517097976104,0.13846619842846,0.122864230860005
"775","North Carolina.1989.Female",65,0.417027136582744,0.488283840776763,0.565448727371463,0.48883322984021,0.0801754117323363,0.0939924749225257,0.108913927720443,0.0942231752910083
"776","North Carolina.1989.Female",70,0.393540833453871,0.467145371464676,0.547782466154967,0.468727750141974,0.076225520879035,0.0903281511953285,0.105072462022041,0.0903307430594018
"777","North Carolina.1989.Female",75,0.22212393038318,0.289122282997751,0.353268682633793,0.288418681055417,0.0423953519671666,0.05588691661966,0.0674262844820005,0.0555671421046323
"778","North Carolina.1989.Female",80,-0.000868485927102421,0.0546703730567442,0.11389300042205,0.0542654174471287,-0.000167968406735024,0.010555101416154,0.0217377998466719,0.0104240749726481
"779","North Carolina.1989.Female",85,-0.35454910364881,-0.244787202853845,-0.134244793762277,-0.242848701076215,-0.070379400603201,-0.0471713994855369,-0.0250930516037848,-0.0469752773178282
"780","North Carolina.1989.Male",0,0.662649260048822,0.798838801066806,0.937003493865869,0.80078594738565,0.0880833611008869,0.104195419724798,0.121056967740907,0.104550852863508
"781","North Carolina.1989.Male",1,0.0881532349863452,0.121894243824764,0.160156979191804,0.122458881548937,0.0114997097942055,0.0159335487261023,0.0210137245017272,0.0159958799221028
"782","North Carolina.1989.Male",5,0.0264909999660833,0.0496368699086481,0.0764542408327267,0.0503713672944831,0.00342715745433932,0.00652226860070044,0.010008970594734,0.00657953555583199
"783","North Carolina.1989.Male",10,0.00591628413706386,0.0286785344790656,0.0521303184767446,0.028933984471551,0.000777442359060368,0.00374437383837708,0.00682831803469131,0.00377836183085507
"784","North Carolina.1989.Male",15,-0.0331852376505236,0.0149681919429214,0.065558051933547,0.0154362212414262,-0.00433460050242519,0.00197595948031158,0.00850994875741611,0.00200932912117752
"785","North Carolina.1989.Male",20,0.14195757572561,0.201120819548624,0.268899165735242,0.202343808358291,0.0186211428316608,0.0261869644537664,0.0349161173070085,0.0264237483587997
"786","North Carolina.1989.Male",25,0.333774604241662,0.392802560060975,0.458789495955237,0.392395211822924,0.0435717290963539,0.0512582259721087,0.0594822366120204,0.051254016173973
"787","North Carolina.1989.Male",30,0.429234745919631,0.492404998329581,0.56771839848908,0.493377589109997,0.0564848748092611,0.0642629600188724,0.0737950455351058,0.0644432504207837
"788","North Carolina.1989.Male",35,0.563130015311815,0.63248140621551,0.700326383758559,0.630975108773521,0.0739573991475985,0.0824599201675528,0.0911528325945135,0.0824149525344594
"789","North Carolina.1989.Male",40,0.664684795280415,0.732070587088277,0.812152741051807,0.732608657652356,0.0866487675961608,0.0955315875706688,0.105655765828037,0.095698439708477
"790","North Carolina.1989.Male",45,0.701674442667727,0.787508831745085,0.869739459634287,0.788653171900944,0.0921251936910095,0.102919795623326,0.113770220467066,0.103010444332726
"791","North Carolina.1989.Male",50,0.768534781807179,0.860963284477768,0.946048305187941,0.860519865800546,0.101290477366843,0.112417493137059,0.123144929030106,0.112391247756757
"792","North Carolina.1989.Male",55,0.735287032948294,0.828048595317313,0.927522849491242,0.829582238168079,0.0962678847753187,0.108050593424599,0.120316965726178,0.108348234076633
"793","North Carolina.1989.Male",60,0.601951972726682,0.686955735429725,0.777670657622242,0.68739430581926,0.0787064201812957,0.0896845580832797,0.100995727793286,0.0897854489607012
"794","North Carolina.1989.Male",65,0.424093080866733,0.505352503311606,0.583649572119839,0.506009085554558,0.0557376972595887,0.066012603533699,0.0759114129698191,0.0660873596472807
"795","North Carolina.1989.Male",70,0.317928500878976,0.380774278966261,0.447549342853796,0.381178342083236,0.04179857506408,0.049717017491576,0.0583000678269612,0.0497861283787357
"796","North Carolina.1989.Male",75,0.137290723565337,0.184648128009804,0.231104739686007,0.184835084256246,0.0180853810807277,0.0240956820317526,0.0302670734296926,0.0241430098477006
"797","North Carolina.1989.Male",80,0.0052675235244863,0.0388418456211829,0.074377245155258,0.0389960300336693,0.000693419184324883,0.00503807417414386,0.00961173130951611,0.00509153216911008
"798","North Carolina.1989.Male",85,-0.131173356469972,-0.0903038502447283,-0.0482622035046635,-0.090165132359292,-0.0175037822004587,-0.0117312425878972,-0.00630228460383689,-0.0117917716596122
"799","North Carolina.1990.Female",0,0.604787605928288,0.722046988556063,0.840819994291971,0.721978600756119,0.121970174078181,0.143872815860926,0.164232744490387,0.14352267151915
"800","North Carolina.1990.Female",1,0.0435092608983923,0.069555647655238,0.0984203893992342,0.0697654651576596,0.00867632978907627,0.0138482315139956,0.0197382172649346,0.0138740528928844
"801","North Carolina.1990.Female",5,0.0153352084388769,0.0333300854912868,0.0563412564452951,0.0342245401009477,0.00309078317076349,0.00664137214903664,0.0112719526007734,0.00680302399130356
"802","North Carolina.1990.Female",10,-0.000762632668952379,0.0177339113483038,0.0382989384992626,0.0184977923205805,-0.000148173309593722,0.00349752838853735,0.00764084439354161,0.00367745246349825
"803","North Carolina.1990.Female",15,-0.0488991714037133,-0.0242673003971715,0.000363881149877658,-0.0245886516308563,-0.00990611344679503,-0.00483920577242848,6.96157734420586e-05,-0.00490093133015011
"804","North Carolina.1990.Female",20,0.0465881989991468,0.0767330145141009,0.106351781587537,0.0769418375401971,0.00927811865428808,0.0152705933052439,0.0213066051220256,0.0153017843358661
"805","North Carolina.1990.Female",25,0.116562804237314,0.14593343507814,0.178152492447738,0.146700191780305,0.0232615152722424,0.0290901347081225,0.03536743901622,0.0291800424070697
"806","North Carolina.1990.Female",30,0.220102145630845,0.25301446612103,0.288833244634028,0.253062168370103,0.0434808008675919,0.0503307428387829,0.0572444973798106,0.0503416164177876
"807","North Carolina.1990.Female",35,0.237409439543354,0.2736380536875,0.309551647558641,0.273598050329626,0.0468634575585021,0.0545411074290911,0.0622995461856789,0.0544311454431213
"808","North Carolina.1990.Female",40,0.341118909297612,0.388928804182133,0.440021463295547,0.389293569470725,0.068023610355286,0.077266315046111,0.0876880523611613,0.0774366179649488
"809","North Carolina.1990.Female",45,0.396510567304939,0.452696709969107,0.514156053297608,0.454152073973456,0.0781717697396129,0.0901057355331508,0.10231408752337,0.090336942833246
"810","North Carolina.1990.Female",50,0.496388573616589,0.563491643128156,0.638646735421841,0.563610151785142,0.0984631685219522,0.11199309291799,0.126813804538967,0.112101267573026
"811","North Carolina.1990.Female",55,0.437242648908526,0.508317316254652,0.585330816723375,0.508817905403664,0.0872698569129055,0.100983659983943,0.115628956497971,0.10118584356456
"812","North Carolina.1990.Female",60,0.500458752007199,0.582610694546913,0.664538561449884,0.583559575235764,0.100305765361452,0.115851700238155,0.132044209245552,0.116059621808763
"813","North Carolina.1990.Female",65,0.403945717987886,0.48369343735585,0.56096359692299,0.482372266046731,0.0811816128436709,0.0959306021337558,0.111245019954108,0.0959143292309918
"814","North Carolina.1990.Female",70,0.387481786105031,0.460171627654369,0.532312859462892,0.459428249343458,0.0775665202757674,0.0915957931809703,0.105706285414427,0.0913650312191679
"815","North Carolina.1990.Female",75,0.197199480554722,0.271046561197046,0.339547051647434,0.270494036249308,0.0393621433095689,0.0538156629923848,0.0676417713289447,0.0537674266105277
"816","North Carolina.1990.Female",80,0.0114636792489681,0.0742888957676756,0.133057220538713,0.0736380487112579,0.00236379726507006,0.0147666129227367,0.0263579716801136,0.0146125167811364
"817","North Carolina.1990.Female",85,-0.454423960954359,-0.325091411425794,-0.197827810917499,-0.325782178872503,-0.0940340744879459,-0.0644615947619086,-0.0376927926354944,-0.0650104557268976
"818","North Carolina.1990.Male",0,0.634209182359644,0.763923682650109,0.891293570544777,0.763433166616288,0.0825428681984803,0.0983209565928322,0.1137836466779,0.0980935816581782
"819","North Carolina.1990.Male",1,0.0793477762329416,0.110558595552996,0.144659667548827,0.110978261876095,0.0101881189965986,0.0142223130149044,0.0185502186099416,0.0142636038632748
"820","North Carolina.1990.Male",5,0.0204199758287983,0.0449696963724672,0.0710623393348365,0.0453817132398199,0.00262831004742212,0.00580729797918252,0.00901117564129545,0.00583349460151106
"821","North Carolina.1990.Male",10,0.0124679938524903,0.0339996120745435,0.058545003969695,0.0341804914582089,0.0016051445975079,0.00435939012548802,0.00748471356593546,0.00439344026765986
"822","North Carolina.1990.Male",15,0.0139104207807822,0.0658841887606812,0.117838817312803,0.0652927262654229,0.00181882806216807,0.0084823482343563,0.0151397340334967,0.00838280804905449
"823","North Carolina.1990.Male",20,0.181256271561373,0.242555744095334,0.311522360576264,0.244957080544133,0.023296829147171,0.0312127921055379,0.0397729576389407,0.0314787537449151
"824","North Carolina.1990.Male",25,0.351438950636121,0.417814199447854,0.490281058747343,0.418541505095024,0.0457326117888285,0.0537342806978742,0.0626986117400626,0.0537925634373616
"825","North Carolina.1990.Male",30,0.443533968131827,0.508163126449258,0.579017212425758,0.509544482272782,0.0573100229761608,0.0652352106934846,0.0742800851505656,0.0654940607241398
"826","North Carolina.1990.Male",35,0.560378595320742,0.628010986665418,0.70011855730829,0.627870849419751,0.0720369640417268,0.0807511906190366,0.0904806855896455,0.0807119714537565
"827","North Carolina.1990.Male",40,0.648880188207639,0.711936221171816,0.792875099355454,0.714483758694229,0.083415607816324,0.0916035479057203,0.101664674602737,0.0918444954053582
"828","North Carolina.1990.Male",45,0.727975508171802,0.813458371183142,0.897586419697352,0.81412866130516,0.0941896697974353,0.10470566321295,0.115022250526885,0.104651802693051
"829","North Carolina.1990.Male",50,0.771343455110979,0.858636622606721,0.956308320683031,0.859502788418888,0.0993010467448289,0.110138308692755,0.121945975431916,0.110474257080589
"830","North Carolina.1990.Male",55,0.765765125432818,0.863036579465965,0.957695659277968,0.861514005485569,0.0988714789135345,0.110868172827788,0.122517683086404,0.1107412354193
"831","North Carolina.1990.Male",60,0.594829792833411,0.677709450319778,0.768526017827501,0.677229327337393,0.0764695573136164,0.0870107879491486,0.0983784164290419,0.0870466939057679
"832","North Carolina.1990.Male",65,0.440643332927654,0.514153506659293,0.58425001683327,0.514796056370128,0.0569704304681326,0.0662647017193448,0.0753103870623941,0.066173541142316
"833","North Carolina.1990.Male",70,0.329214943807339,0.38745937392307,0.45267828203122,0.388779230496082,0.0421714328987067,0.0498137177467767,0.0581579211737996,0.049974029395803
"834","North Carolina.1990.Male",75,0.11577201927281,0.161214863672151,0.212317460355916,0.161769801698269,0.0148356212776172,0.0207936201944266,0.0270457412737092,0.0207916433998818
"835","North Carolina.1990.Male",80,0.0209505804839678,0.0526314301919417,0.0907608749148942,0.0531342721654786,0.0027070001085013,0.00677139173091601,0.011506821256416,0.00682569155906459
"836","North Carolina.1990.Male",85,-0.129566939531612,-0.0846968828530955,-0.0456149979862143,-0.0852117076311735,-0.0169455314614227,-0.0108957257782533,-0.00581741433861048,-0.0109676678009837
"837","North Carolina.1991.Female",0,0.638077849014855,0.74478562914183,0.864638048734238,0.747703373776957,0.126037638813241,0.145783980379432,0.166760492952789,0.145888277804508
"838","North Carolina.1991.Female",1,0.039986770501176,0.0636457874532492,0.0922039113340468,0.0644225984783985,0.0077342264903203,0.0124615121618033,0.0181141033089384,0.0125768599002951
"839","North Carolina.1991.Female",5,0.0177717013208606,0.0361981491923871,0.0568015261737821,0.0366183299578014,0.00352970800380059,0.00707384461713404,0.0111039783203339,0.00714797525894676
"840","North Carolina.1991.Female",10,0.000296728401492844,0.0183521644911595,0.038218557184425,0.0189459476688696,5.88693133700742e-05,0.00358066019770657,0.00742693694787403,0.00369795129789085
"841","North Carolina.1991.Female",15,-0.0447673746736196,-0.0195423437045176,0.00642816641812102,-0.0196538376553121,-0.00882152409661937,-0.00379288774814908,0.00127995854271123,-0.00384511511601132
"842","North Carolina.1991.Female",20,0.0573505846689994,0.0860440949942792,0.116331797101371,0.0862667200116025,0.0112227917847413,0.0168692854580514,0.0226855464132888,0.0168357237135631
"843","North Carolina.1991.Female",25,0.126664378525237,0.157803166689396,0.189860359300239,0.157967867351863,0.0246380568790272,0.0309055088073425,0.0372759473651762,0.0308384631834976
"844","North Carolina.1991.Female",30,0.219650793138143,0.251414887264167,0.289435722686475,0.252444737997857,0.0425887455434866,0.0491862691295235,0.0566724572145974,0.0492910083821315
"845","North Carolina.1991.Female",35,0.246015393732955,0.28202805951483,0.318804389128938,0.282092771163883,0.0478143251303784,0.0550256904399031,0.0625831021180468,0.0550796388858863
"846","North Carolina.1991.Female",40,0.340551188196784,0.384710109463228,0.429043394699476,0.384374035377744,0.0657575927682971,0.0751002795719931,0.0842975670752916,0.0750468850231622
"847","North Carolina.1991.Female",45,0.388783573016042,0.442571672640827,0.503146367361439,0.44355042303341,0.0758018295605408,0.0864182463371105,0.0984896815706245,0.0865933625248917
"848","North Carolina.1991.Female",50,0.50607604999919,0.572498084482911,0.647509299858093,0.57395566953217,0.0993179841672443,0.111857736232836,0.125898793979065,0.11203447185343
"849","North Carolina.1991.Female",55,0.430476212700099,0.499864282896099,0.578617578087256,0.501086357197982,0.0842806080899042,0.0975480638444033,0.111825264930394,0.0978018366262228
"850","North Carolina.1991.Female",60,0.492742169364831,0.568626002568478,0.652331791134784,0.569518978738864,0.0964625989005077,0.110734387002979,0.127139766251419,0.111163319107495
"851","North Carolina.1991.Female",65,0.425768799042193,0.502883112055037,0.590776618603452,0.502907863997635,0.0833283190245976,0.0979989533475822,0.113175425614117,0.0981532886775116
"852","North Carolina.1991.Female",70,0.3712261239337,0.447145837459478,0.520607212070517,0.446795831869513,0.0724512868810818,0.0873696307100253,0.10191875598205,0.0872037398997114
"853","North Carolina.1991.Female",75,0.197842658316099,0.265513738625332,0.33494009614314,0.266522671167863,0.038917787649988,0.0517954257147651,0.0647683966927096,0.0520045483368145
"854","North Carolina.1991.Female",80,0.036086585772351,0.0948682398292621,0.15442300062732,0.0942560017152881,0.00697300336605937,0.0185866747128566,0.0299348350550115,0.0183612621679582
"855","North Carolina.1991.Female",85,-0.412009167996911,-0.284354965921087,-0.169117864500333,-0.285254953983369,-0.0831217499207443,-0.0554215867798279,-0.0325288831220122,-0.055873497527905
"856","North Carolina.1991.Male",0,0.613580119531294,0.740262681551032,0.863456266251507,0.741457161075954,0.0786511732032794,0.0935769029824756,0.108260178997919,0.0935669198955978
"857","North Carolina.1991.Male",1,0.0702978193403655,0.0994278843609782,0.133106458972807,0.1005835998898,0.00886545662825429,0.012557622021531,0.0167900186879934,0.0126971711142013
"858","North Carolina.1991.Male",5,0.0193719852018814,0.0413968446087361,0.0648155523412284,0.0416706640061513,0.00242912148458583,0.00525471763418119,0.00819007749746999,0.00525998105045989
"859","North Carolina.1991.Male",10,0.0180350721489998,0.039842214623815,0.0646923464297381,0.0398856001598996,0.00227213458736428,0.00501717827926096,0.00812443996812349,0.00503344732752628
"860","North Carolina.1991.Male",15,0.0825663335936973,0.137146475443046,0.199903038242249,0.137968027374409,0.0106198394745351,0.0173334556272397,0.0249247729630321,0.0174101425653256
"861","North Carolina.1991.Male",20,0.227580865092644,0.291080421535944,0.356906660916773,0.291000419892862,0.0290485339337703,0.0368379342186063,0.0450704770118717,0.0367307938079959
"862","North Carolina.1991.Male",25,0.369248626804954,0.438188607488906,0.509401089217141,0.438748840188475,0.0465829739692858,0.0553469720733455,0.0641418082594814,0.0553915693223922
"863","North Carolina.1991.Male",30,0.464980034538997,0.533823578211532,0.59802464266964,0.533048800297588,0.0586471455825959,0.0672956768167813,0.0757524096432107,0.0672984267807412
"864","North Carolina.1991.Male",35,0.550067819133609,0.615077352506158,0.682870447459595,0.615028955255843,0.0694608550919642,0.0776741300304908,0.0859527785220603,0.0776485057176909
"865","North Carolina.1991.Male",40,0.636403457605205,0.702703490223237,0.769349039892466,0.702586990747397,0.0800620071473685,0.0887276429696491,0.097179191912378,0.0887118958659858
"866","North Carolina.1991.Male",45,0.726333182432834,0.808778071712485,0.892022297261102,0.808114570806441,0.0924894362518432,0.101921216414729,0.112294848356477,0.102024977883973
"867","North Carolina.1991.Male",50,0.768520363727096,0.851604288510197,0.940854362150857,0.852263725949758,0.0971699720733985,0.107588050820577,0.118344561550387,0.107601789685544
"868","North Carolina.1991.Male",55,0.760719534053952,0.85139580489387,0.950545629375111,0.852687388784089,0.0965765749740072,0.107692854418718,0.119960240030952,0.107649805974575
"869","North Carolina.1991.Male",60,0.579239703852745,0.666840072071048,0.7456835925615,0.666442532667308,0.0731585902448859,0.0841263934507812,0.0944230062634383,0.0841374947191066
"870","North Carolina.1991.Male",65,0.443570942217816,0.520690677389313,0.5927345634408,0.520815579403268,0.0563490914005867,0.0658376601021722,0.0748727399277161,0.0657500440189327
"871","North Carolina.1991.Male",70,0.351994627709863,0.41495492097645,0.482922131761021,0.416353086082415,0.0448902282787327,0.0523990471064947,0.0608728228170883,0.0525665894392129
"872","North Carolina.1991.Male",75,0.137611167670806,0.183682931776962,0.234130238876392,0.185387787915578,0.0174846434284609,0.0232582056628497,0.0293311298695283,0.0234021435913065
"873","North Carolina.1991.Male",80,0.0254469026027656,0.0586945384898586,0.0927902385180016,0.0582206169291116,0.00322542044882,0.00740106454109995,0.0116713913086364,0.00734854099421365
"874","North Carolina.1991.Male",85,-0.126319201177336,-0.0809139683553764,-0.03518710779032,-0.0809175105019063,-0.0160199290355132,-0.010190443297507,-0.00440108351680079,-0.0102302397547811
"875","North Carolina.1992.Female",0,0.620772442235285,0.731851787566177,0.858755053520592,0.734174023218903,0.119528719546817,0.13942271291068,0.160372775790908,0.139666187297768
"876","North Carolina.1992.Female",1,0.0365800483423288,0.0614925138870982,0.0900623809757322,0.0617906635085225,0.00690170356631286,0.011715583536045,0.0171439634980436,0.0117629330530904
"877","North Carolina.1992.Female",5,0.0181083816803518,0.0363465841260891,0.0580942586067723,0.0367714702563975,0.00348999930894795,0.0068826217449231,0.0109377300353702,0.00700008256530993
"878","North Carolina.1992.Female",10,-5.40978716823377e-05,0.0183412592276495,0.0361323259059816,0.0182678864587657,-1.02334665478416e-05,0.00347725415709642,0.00684594928327705,0.00347369596111925
"879","North Carolina.1992.Female",15,-0.041173897646995,-0.0143068002069545,0.0126254472315762,-0.0140560689124462,-0.00782033040425626,-0.00272359824208557,0.00245111157887068,-0.00268435185181079
"880","North Carolina.1992.Female",20,0.0648101097290453,0.0911098597508298,0.123235456643308,0.0918065542715949,0.0122537066296789,0.0174070202051719,0.0233890266506799,0.0174733442349419
"881","North Carolina.1992.Female",25,0.141556548726985,0.1725639760408,0.20437564844176,0.173107854420654,0.0267714061110399,0.0329310416951294,0.0392357928724348,0.0329532148886484
"882","North Carolina.1992.Female",30,0.218313470182228,0.253908907879755,0.290755128766533,0.254014618799021,0.0413307436202937,0.0483448527261717,0.0554167874736509,0.0483555450994643
"883","North Carolina.1992.Female",35,0.262399253331017,0.300876173057043,0.343456481355017,0.301383322068469,0.0501639935768021,0.0573094267258253,0.0656287364619925,0.0573728718305611
"884","North Carolina.1992.Female",40,0.333125018590994,0.376653861892598,0.422368425009438,0.377228993286693,0.0632316761105653,0.0716664991651766,0.0813829221690485,0.0718134203232821
"885","North Carolina.1992.Female",45,0.392385835454616,0.446215486154426,0.506017886950004,0.447137488844235,0.074767883522154,0.0851655093522865,0.0964768042029097,0.0851056781772645
"886","North Carolina.1992.Female",50,0.488555888326232,0.55991094712989,0.625237007550552,0.559592246577245,0.0936936523878992,0.106435994950187,0.119410821379499,0.106510575526432
"887","North Carolina.1992.Female",55,0.489953834445334,0.558894520378473,0.638093823757165,0.560115575092382,0.0930176308150746,0.106436750747303,0.12077675582395,0.106595769343909
"888","North Carolina.1992.Female",60,0.437645997887314,0.516848976012298,0.594007240206632,0.516870087285428,0.0835137804667587,0.098419788596163,0.113159686768859,0.0983558629021574
"889","North Carolina.1992.Female",65,0.46917602833545,0.54439559384123,0.625082242795136,0.545370896850375,0.0893935949498239,0.103612923980464,0.118512823840955,0.103792898138471
"890","North Carolina.1992.Female",70,0.364033160879337,0.43903451951694,0.512536250621914,0.439511439865236,0.0701443157381698,0.0836404766426963,0.0972537485999895,0.0836317331672487
"891","North Carolina.1992.Female",75,0.235476393995695,0.304441680211707,0.374334496261025,0.304753111617658,0.0451666275988225,0.0579478888622368,0.0711450205587544,0.0579867860190972
"892","North Carolina.1992.Female",80,0.0454255897132952,0.103349550500117,0.162079127460158,0.10333586732285,0.00865790804888667,0.0195742629066745,0.03072675352133,0.0196451814714029
"893","North Carolina.1992.Female",85,-0.373807652580536,-0.252738162393018,-0.145062413553609,-0.255678624275099,-0.073699394604879,-0.0479113183318587,-0.0270761495286159,-0.0488114281483579
"894","North Carolina.1992.Male",0,0.592203579192746,0.721163510874122,0.856350023007275,0.723688577122875,0.0758435504779083,0.0905854090326241,0.105532540143908,0.0906738160644479
"895","North Carolina.1992.Male",1,0.0622979565171337,0.0922480571476332,0.122953200557719,0.092517830413019,0.00777168429168595,0.0115403544130731,0.015577550121957,0.0115973181437769
"896","North Carolina.1992.Male",5,0.0191894532771528,0.0400280827242715,0.0625746014537741,0.0404370521355174,0.00239426523852361,0.00500489469239229,0.00789473849301213,0.00506761172235387
"897","North Carolina.1992.Male",10,0.0186904679065822,0.0401005767364214,0.0634543419761801,0.0404937819185071,0.0023256219899723,0.00502032537821845,0.00797702069919333,0.00507490270613643
"898","North Carolina.1992.Male",15,0.110125906973452,0.164250516046141,0.229069041756452,0.165221880417704,0.01390271987084,0.0205625328659328,0.0283757448546008,0.0207022747146176
"899","North Carolina.1992.Male",20,0.254327165835639,0.319413563999458,0.387061624243524,0.319944396758882,0.032014501450131,0.0401263764059219,0.0480684112027162,0.0401003561272778
"900","North Carolina.1992.Male",25,0.389909841847885,0.452254912694911,0.52359241070343,0.453865925455813,0.0492304804117792,0.056621402097764,0.0655049783478712,0.0568918810857355
"901","North Carolina.1992.Male",30,0.493880822015275,0.564403378359954,0.641744503549542,0.565545103662766,0.0622539634697009,0.0707813155148301,0.0802000337576247,0.0708935236309422
"902","North Carolina.1992.Male",35,0.530338561305183,0.597066865309315,0.664292071950336,0.597609767375644,0.0662976354076794,0.0748997180072191,0.0830424698120546,0.0749132178729612
"903","North Carolina.1992.Male",40,0.64639387232347,0.713834409548609,0.780031152356158,0.713818356261083,0.0812126702695211,0.0893608455316965,0.0982463374907531,0.0894885532424983
"904","North Carolina.1992.Male",45,0.707994558674162,0.789883999400872,0.869860854612296,0.788497690605111,0.0886491253306555,0.0988237284324583,0.108940883971957,0.0988467868826158
"905","North Carolina.1992.Male",50,0.771736587804092,0.851236200487926,0.943153421802126,0.852241938982513,0.096945004408243,0.106650368468224,0.11804115087184,0.106830402660339
"906","North Carolina.1992.Male",55,0.778322955790145,0.867057854655771,0.966072727865271,0.869037668003561,0.0977684707151223,0.108803543068296,0.120201464210261,0.108934036591714
"907","North Carolina.1992.Male",60,0.595216776965711,0.674685709815296,0.762857652072478,0.675751221049619,0.0749760452613936,0.0844727555729616,0.0949497734242057,0.0847074712671569
"908","North Carolina.1992.Male",65,0.407557357652958,0.481324322817969,0.5591616275853,0.481187222617143,0.0512539783172478,0.0603261125675873,0.0700867827025853,0.0603162326055306
"909","North Carolina.1992.Male",70,0.371597958031832,0.437467959452908,0.500509951840975,0.436553125695843,0.0464750549799165,0.0546689305221143,0.0630603209315368,0.0547263378430065
"910","North Carolina.1992.Male",75,0.135121831291769,0.182736876961063,0.232502027290283,0.1824391726745,0.0169447634196346,0.0228938814953849,0.0292516532098786,0.0228676444941867
"911","North Carolina.1992.Male",80,0.0183102312995524,0.0522549513641233,0.0850251869756452,0.0523727119793718,0.00229862422106731,0.00654412892357963,0.0105575901323928,0.00656132737765223
"912","North Carolina.1992.Male",85,-0.116521932392187,-0.0729232167068544,-0.0304926521339508,-0.0732521127336365,-0.0147699997001079,-0.00916639211986864,-0.00382280227575402,-0.00919369503295008
"913","North Carolina.1993.Female",0,0.58046160070491,0.691591812544782,0.808312229934709,0.691115968776633,0.117151682730329,0.136966959933688,0.158854289278578,0.137366179272572
"914","North Carolina.1993.Female",1,0.0310666932470301,0.0568060767611662,0.0844193962297036,0.0570614572974381,0.00628200511619084,0.0112788493340307,0.0166918522083626,0.0113443963119292
"915","North Carolina.1993.Female",5,0.0197766549382503,0.0380350926801075,0.0596011994767359,0.0381957227786591,0.00392278394960871,0.00757449342834353,0.0118191216603157,0.00759528117352769
"916","North Carolina.1993.Female",10,0.000836977435034577,0.0185158507976516,0.036168870534932,0.0183411310512684,0.000161888729000539,0.00363866157651494,0.00731528222767554,0.00364358282579674
"917","North Carolina.1993.Female",15,-0.0395866741216888,-0.0154847670195465,0.0101764872618265,-0.0148962763832367,-0.00803695277572672,-0.00308555321593972,0.00203187648460273,-0.00296787608890251
"918","North Carolina.1993.Female",20,0.0701409098074476,0.098663348538547,0.128764782926264,0.099662103777954,0.0142322616609399,0.0197241102593158,0.025886085530776,0.0198221672027479
"919","North Carolina.1993.Female",25,0.143031716496662,0.174015116027541,0.20415331331938,0.174122129314485,0.02827831914421,0.0346861544033986,0.0409888353511251,0.0346325757222556
"920","North Carolina.1993.Female",30,0.220172726811635,0.25370514007786,0.292840951116129,0.254482990775186,0.0438063613635717,0.0505929763527808,0.0583483609849542,0.0506165480873189
"921","North Carolina.1993.Female",35,0.275760431068214,0.312349406017809,0.352306091606629,0.313028101047822,0.0539202715071314,0.0620937036655607,0.0705982815328379,0.062260283756174
"922","North Carolina.1993.Female",40,0.328073882006924,0.36872704032208,0.413659212106722,0.369691316264099,0.0653864020786688,0.0733593846359887,0.0829712627409833,0.0735327596576291
"923","North Carolina.1993.Female",45,0.391393069332517,0.447661983993114,0.504848803168386,0.447831026305306,0.0783654002700107,0.0888326682336194,0.100947169396832,0.0890648374790921
"924","North Carolina.1993.Female",50,0.477774204975159,0.539731524279705,0.609500637412216,0.541499418938135,0.0944221852290774,0.107408397883026,0.121380195811533,0.107685199174095
"925","North Carolina.1993.Female",55,0.492665789190732,0.569637932688945,0.641929352376926,0.569335775723319,0.0984780713709471,0.11310943243843,0.127962518082465,0.113215941712012
"926","North Carolina.1993.Female",60,0.432044178311814,0.510887987593921,0.591792522532193,0.511337239829831,0.0861637612296486,0.101687681779989,0.117199080850731,0.101658644465324
"927","North Carolina.1993.Female",65,0.463531832263256,0.533102901663326,0.614201552559178,0.534053728983314,0.0914358505972446,0.106120614774915,0.12180263811496,0.106192015001068
"928","North Carolina.1993.Female",70,0.368357068675948,0.4359517849122,0.512326879423643,0.436192201853695,0.073337640876001,0.0865475655953451,0.101394249771123,0.0867347396716302
"929","North Carolina.1993.Female",75,0.193564643407397,0.260304419593858,0.331263528202254,0.260593093224793,0.0393559497420702,0.0518588991792138,0.0646231860551303,0.0517911752661278
"930","North Carolina.1993.Female",80,0.0706787589274832,0.128556227256015,0.189806797216542,0.129062811093805,0.0143705776413143,0.0256691401531626,0.0374546120290581,0.0256384429185665
"931","North Carolina.1993.Female",85,-0.522177627758561,-0.398206581066713,-0.285925356152936,-0.400385268423093,-0.107659771132172,-0.0794269781353561,-0.055769982481901,-0.0798268936089638
"932","North Carolina.1993.Male",0,0.621235898703621,0.736220875342926,0.867827610587465,0.738090142134849,0.0781031080477009,0.0927244468438123,0.106912374472972,0.0924201328004015
"933","North Carolina.1993.Male",1,0.0590751836506029,0.087669889688683,0.117038017786501,0.0875321521540126,0.00732046798812208,0.0109733231849452,0.0147838282949246,0.0109654300136305
"934","North Carolina.1993.Male",5,0.0193660728853614,0.0390610899802441,0.0613061579652334,0.0395707099868504,0.0024267609253534,0.00490965485679501,0.00769164661346532,0.00495538316093178
"935","North Carolina.1993.Male",10,0.0168162149064824,0.0381219162508631,0.0598669200489225,0.0380804654753184,0.00212248729106026,0.00477236407943661,0.00762510132833258,0.00477008186542817
"936","North Carolina.1993.Male",15,0.11245339461584,0.172289142819743,0.23735359324976,0.172942728748133,0.0141056632776877,0.0215576410006561,0.0296158597466785,0.0216560207073601
"937","North Carolina.1993.Male",20,0.284754955156401,0.350122638251312,0.421208725405382,0.350962890808751,0.0358626366595911,0.0438352429371578,0.0526438615739793,0.0439560146991601
"938","North Carolina.1993.Male",25,0.400952832527181,0.465757366469903,0.536269047909477,0.465243243214173,0.0505352387796886,0.0583146639257986,0.0668375647859419,0.0582808087443224
"939","North Carolina.1993.Male",30,0.468330958624456,0.537944051715023,0.612869120778934,0.538906373643513,0.0593005538025046,0.0674219234521715,0.0765206502665974,0.0675036602831764
"940","North Carolina.1993.Male",35,0.581260720121023,0.64974480956978,0.724492282836737,0.649937476540993,0.0727678936411559,0.0813230788666548,0.090335844006292,0.0814134842997317
"941","North Carolina.1993.Male",40,0.65360684330634,0.72359245075547,0.791762824827678,0.72337671006437,0.0821086216279307,0.0906957579710359,0.0992812047915429,0.0906234664750839
"942","North Carolina.1993.Male",45,0.700458081133945,0.776322206403308,0.851939422670486,0.776458284186524,0.0878193071479595,0.0971916079636748,0.107230919169984,0.0972663810090801
"943","North Carolina.1993.Male",50,0.725992447621855,0.811985882704036,0.905259836471148,0.812332989875626,0.0911433671436089,0.101649989367668,0.112937754922942,0.101762727819408
"944","North Carolina.1993.Male",55,0.727981414181889,0.816772440681864,0.911461380565427,0.81731842235129,0.0924367750237189,0.102328322731511,0.113400781059434,0.102375746025659
"945","North Carolina.1993.Male",60,0.619164899755602,0.698628755043167,0.780915523523098,0.699647464684871,0.0779050340922423,0.0876320183246822,0.097282746397317,0.0876388200994824
"946","North Carolina.1993.Male",65,0.386586910332236,0.457482939838622,0.530748226592809,0.457895625909565,0.0482831837164285,0.0571841494961057,0.0664859287745727,0.0573554750156651
"947","North Carolina.1993.Male",70,0.370035087014966,0.434123711139409,0.497665081899398,0.433993589439962,0.0465223441520849,0.0543686676060962,0.0622929101357354,0.0543593833552237
"948","North Carolina.1993.Male",75,0.128800661128469,0.180152574545922,0.228124300192161,0.179692757097851,0.016146960280319,0.0225619896344446,0.0285867993871919,0.022507411657051
"949","North Carolina.1993.Male",80,0.0101829025930592,0.0450461186296379,0.0807739937597014,0.0451386914276386,0.00125303442590144,0.00564388778101165,0.0100749707252712,0.00565020304849384
"950","North Carolina.1993.Male",85,-0.0858499836040415,-0.0430767164153213,-0.00396445749249172,-0.0435297968272624,-0.0107695228154473,-0.00537730996061483,-0.000499606598107445,-0.00546063107928962
"951","North Carolina.1994.Female",0,0.590970082904956,0.694413459687849,0.814391227377077,0.697626275634959,0.115257819035382,0.134816576666677,0.15511096089356,0.134821537144568
"952","North Carolina.1994.Female",1,0.0299584735901129,0.0538127668500026,0.0806688448461774,0.0540454890082113,0.00584496581306711,0.0104242530130601,0.0154701157394372,0.0104474520523786
"953","North Carolina.1994.Female",5,0.0196910988950742,0.038096898903871,0.0590145602635457,0.0381764036445839,0.00393754704932563,0.00737071391751419,0.011323283452604,0.00737875818919546
"954","North Carolina.1994.Female",10,0.000978512195371696,0.0182494286607458,0.0370934294062642,0.0183815760004837,0.00019482902110403,0.00351098943647548,0.00730578787775364,0.00355409402368765
"955","North Carolina.1994.Female",15,-0.0388907356302865,-0.0150820979047147,0.0138883533687208,-0.0144132132963308,-0.00757198064612114,-0.00288138095866163,0.00264935642933563,-0.00279335058513839
"956","North Carolina.1994.Female",20,0.0666292247690366,0.096293362499715,0.128108793280709,0.0968378242811641,0.012936576662039,0.0186185793216905,0.0247350742835876,0.0187238199872735
"957","North Carolina.1994.Female",25,0.140519770740876,0.171490571553727,0.205524020128272,0.172013692146784,0.0271943213387601,0.0330991391016717,0.0400796875961055,0.0332683865053866
"958","North Carolina.1994.Female",30,0.225577736674032,0.260213709745304,0.29917827906296,0.260619263175716,0.0434775407382856,0.0502893027427654,0.057945265865209,0.0504007696117022
"959","North Carolina.1994.Female",35,0.289783512632262,0.326968373432903,0.367610775917477,0.32809820995202,0.0560051670211056,0.0632285263190219,0.0718266756973403,0.0634480509956013
"960","North Carolina.1994.Female",40,0.332277500966747,0.374117376176274,0.419294413406058,0.374054419437048,0.064423381208567,0.0722823226532299,0.0813456759487049,0.0723379585006352
"961","North Carolina.1994.Female",45,0.405786565144381,0.459453976466274,0.512676007744704,0.459182974127246,0.0784016080340376,0.0886925984089556,0.100705282141045,0.0888040472890775
"962","North Carolina.1994.Female",50,0.472183808875608,0.53484968321756,0.608075508985909,0.536584714282855,0.0910377007132731,0.103552410298943,0.117095673419555,0.103758671209241
"963","North Carolina.1994.Female",55,0.506377081004821,0.581123156307111,0.659592357657755,0.582012556204328,0.098299382644684,0.11244230703797,0.127391729537865,0.112539526850159
"964","North Carolina.1994.Female",60,0.43578797889434,0.515956902155505,0.595704981858113,0.516714994397373,0.0849843845202122,0.0998283391435243,0.114967018353561,0.0998859089597204
"965","North Carolina.1994.Female",65,0.416327064323839,0.496809123694056,0.572207174593074,0.497256722119316,0.0816480331942166,0.096116821125696,0.110229918281777,0.0961308399156041
"966","North Carolina.1994.Female",70,0.397085533694452,0.470238703035051,0.543553114464871,0.470787758729988,0.0774299023295262,0.0908971481812223,0.104354475038142,0.0910116073024594
"967","North Carolina.1994.Female",75,0.171736217735003,0.237742546353816,0.304098462000032,0.238379013097061,0.0330856056115941,0.0460429717784466,0.0581331641283798,0.046074252141468
"968","North Carolina.1994.Female",80,0.0958385382398034,0.154960458486195,0.215339329378177,0.155680293609472,0.0188496588742322,0.0300519080125742,0.0414090213471496,0.0300787393048228
"969","North Carolina.1994.Female",85,-0.426411189818812,-0.308346733109123,-0.192204008706839,-0.308681989554263,-0.086178769244783,-0.059789939799569,-0.0354496365153768,-0.059871069397842
"970","North Carolina.1994.Male",0,0.564698119163651,0.673409075867272,0.79902362253101,0.67723940908503,0.0713524697370925,0.0846031534844157,0.099555048207282,0.0848711834174063
"971","North Carolina.1994.Male",1,0.054319087036533,0.0810524556652077,0.11006375684303,0.0813080801167913,0.00687947082521941,0.0101624166271212,0.0138846863762009,0.0101939658646077
"972","North Carolina.1994.Male",5,0.0177828851763902,0.0373893181490504,0.0582166741686512,0.0377225057004099,0.00219519103794097,0.00472105270147054,0.00733204827741935,0.00472680351677195
"973","North Carolina.1994.Male",10,0.0150494429244892,0.036459246397186,0.059375214646672,0.0365260650322471,0.00190560041532697,0.00456363291461313,0.00740271225907248,0.00457916172376977
"974","North Carolina.1994.Male",15,0.0952638965347175,0.151802655128176,0.211419476958769,0.151365236158977,0.0119424075564113,0.0189349319424029,0.0264283105932293,0.0189655265802765
"975","North Carolina.1994.Male",20,0.239497777578109,0.304378557450081,0.369838685506515,0.303912639419985,0.0303853384059237,0.0381143645770439,0.0461500779020793,0.0380936997082451
"976","North Carolina.1994.Male",25,0.401120453905934,0.468025776962352,0.538233168137925,0.467863609293445,0.0503460375554289,0.0585373335274422,0.0670792642761922,0.058649309961954
"977","North Carolina.1994.Male",30,0.46480923273972,0.539895175967692,0.613885956816048,0.538832068824069,0.0586250476449515,0.0675615229767638,0.0763951786795702,0.0675433205060213
"978","North Carolina.1994.Male",35,0.621345919778129,0.690376532774685,0.769173644553839,0.691707916409132,0.077855511071046,0.0866376920180185,0.0957588378235669,0.086716915563175
"979","North Carolina.1994.Male",40,0.66669107951356,0.737821863719464,0.80785312922999,0.7372892518462,0.0841300133839487,0.0924681940362757,0.101322515376424,0.092434411525724
"980","North Carolina.1994.Male",45,0.723124731998561,0.798005513798678,0.870148753963991,0.796290268873746,0.090642038256912,0.0999278334845214,0.109351938756843,0.0998316796221319
"981","North Carolina.1994.Male",50,0.736856613485361,0.817592538771544,0.899716817511231,0.818762098162328,0.0928427616375433,0.102451632342037,0.112461973114488,0.102639481712248
"982","North Carolina.1994.Male",55,0.720705363667253,0.808861530921678,0.900222455249372,0.809694979565858,0.0904222391851864,0.10149474060415,0.113068923450079,0.101502936163313
"983","North Carolina.1994.Male",60,0.563267942615443,0.652138045818363,0.735036795547296,0.651931671713549,0.0709618374889192,0.0818233963058762,0.0922156801366129,0.0817264122625084
"984","North Carolina.1994.Male",65,0.384078029706647,0.457526454178598,0.536957552579606,0.45793944539903,0.0485063913976733,0.0574397095798997,0.0670164403184892,0.0574030531087271
"985","North Carolina.1994.Male",70,0.394822315009457,0.462557212804192,0.524357242771347,0.46153543076283,0.0497224337634231,0.0579803325309034,0.0659168645635886,0.0578574136508694
"986","North Carolina.1994.Male",75,0.158134355652072,0.203763616345057,0.252912900545253,0.203505323035381,0.0197840206484847,0.025571567650213,0.031623589206545,0.0255087201857012
"987","North Carolina.1994.Male",80,0.0616766544828748,0.0968371546658625,0.132475177938577,0.0973613574597973,0.00778345261220153,0.0121243245124729,0.0165708544550965,0.0122012953366547
"988","North Carolina.1994.Male",85,-0.0831681815714826,-0.0429883245103414,-0.00699359218322984,-0.043379921751438,-0.0105789729619859,-0.00541070435336307,-0.000867521312449936,-0.00544529041010517
"989","North Carolina.1995.Female",0,0.599734289504322,0.718357456379691,0.827628542176169,0.716828161441675,0.119648943579933,0.141578184769317,0.160907266946082,0.141324224279692
"990","North Carolina.1995.Female",1,0.0219655290779787,0.0473618184590779,0.073975429300619,0.047605374803039,0.00432864433552835,0.00937115254852757,0.0145674773134611,0.00938783324559808
"991","North Carolina.1995.Female",5,0.0160524931427438,0.034078668821324,0.0536080250215589,0.0343540114365853,0.00319716763240319,0.00671857860077645,0.0104714845039,0.00677509663065575
"992","North Carolina.1995.Female",10,0.000131317469769216,0.0173139413187284,0.0347542496848433,0.017175109494721,2.64395374980121e-05,0.00339389261829989,0.00697026586473032,0.00338731481807521
"993","North Carolina.1995.Female",15,-0.0370312829570889,-0.0107585871762984,0.0163167351590341,-0.0103340299346287,-0.00718099688409274,-0.00212202571472142,0.00320376784884078,-0.00204350823386312
"994","North Carolina.1995.Female",20,0.0653916768969919,0.0935486926230145,0.123098688473973,0.0942105825282502,0.0129347799160248,0.0184852987527932,0.0244142290827693,0.0185792934427491
"995","North Carolina.1995.Female",25,0.136211432461273,0.164795128040368,0.197711205751913,0.16469896437918,0.0268467947173195,0.0325366955496242,0.0389255940661839,0.0324921004348818
"996","North Carolina.1995.Female",30,0.219915465300822,0.254831633137365,0.295520438991729,0.255454455946585,0.0430057588545198,0.0503664991896265,0.0586460146385535,0.0503958636716179
"997","North Carolina.1995.Female",35,0.278940293696488,0.316486408437373,0.356700387572669,0.31737800228225,0.0550356969939443,0.0625902028352792,0.07061305212276,0.0626041540885002
"998","North Carolina.1995.Female",40,0.325446138550302,0.36651497982924,0.411402598037125,0.367385643293629,0.0642708003661127,0.0723227408951204,0.0817320163477179,0.0724711951789227
"999","North Carolina.1995.Female",45,0.401895081340004,0.453609593109701,0.512602378260571,0.453788909213021,0.0787639116388794,0.0894747252545611,0.101137252576998,0.0895176329137332
"1000","North Carolina.1995.Female",50,0.473435673602152,0.537589064587838,0.601347073048917,0.537046505213529,0.0935716541693158,0.105790729623166,0.1186087069428,0.105933511421857
"1001","North Carolina.1995.Female",55,0.500178666190502,0.571409718158649,0.64537483847028,0.5713887980162,0.0983696369875353,0.1127714096267,0.127267869548035,0.112697896780751
"1002","North Carolina.1995.Female",60,0.43586834931945,0.509403282788812,0.584839083354668,0.509132014483625,0.0862503224023586,0.100675204181827,0.114809553450407,0.100415693105373
"1003","North Carolina.1995.Female",65,0.395931371841922,0.466450177842039,0.536788679027846,0.466962998779214,0.0785811724797642,0.0917604543500601,0.105821701072963,0.0920816166855778
"1004","North Carolina.1995.Female",70,0.429310921489684,0.502724723676957,0.580547768719226,0.503028936257956,0.0853380014353229,0.0991518205933806,0.113545556356492,0.0991975920103765
"1005","North Carolina.1995.Female",75,0.16272781572473,0.224964452804508,0.291106237151441,0.225360962964446,0.0327637150276723,0.0445628419208505,0.0570838207612154,0.0444314662363937
"1006","North Carolina.1995.Female",80,0.0817478594948123,0.139471962521027,0.19701895572606,0.138907404752672,0.016375483729366,0.027607669789514,0.0380180526872908,0.0273704714344762
"1007","North Carolina.1995.Female",85,-0.452521864408582,-0.339744432358924,-0.228968097152348,-0.338933293133482,-0.0917835188508186,-0.0668473081457679,-0.0438003876953394,-0.0670194481453683
"1008","North Carolina.1995.Male",0,0.559828060168167,0.671711154209553,0.790709176423057,0.672846252735727,0.0726867143851899,0.085986275680619,0.0999682053600751,0.0860728096963748
"1009","North Carolina.1995.Male",1,0.0463904552281274,0.0727763585023087,0.0995660155038143,0.0732253405717298,0.00593966098237904,0.00933373616419837,0.0127086327217922,0.00937082767847984
"1010","North Carolina.1995.Male",5,0.0140296775753924,0.0338122665074637,0.0552742206200572,0.0341784696468631,0.00182282565700284,0.00433409742082327,0.00701527339042419,0.00437190006414113
"1011","North Carolina.1995.Male",10,0.0150586541714022,0.0348157154185052,0.0578669443017694,0.0352905080240478,0.00192002624904999,0.00443155239028343,0.00727162672208262,0.00451572035108207
"1012","North Carolina.1995.Male",15,0.103622356610035,0.167579559820633,0.22977676460742,0.167469989707402,0.0135848162301293,0.021437431104877,0.029320099467758,0.0214221527865087
"1013","North Carolina.1995.Male",20,0.221423582681244,0.28116596414189,0.347977814527187,0.281536411550835,0.0285440728326367,0.0358886286983328,0.0441449932032025,0.0360216537075496
"1014","North Carolina.1995.Male",25,0.361981742088088,0.41846043975831,0.491212314163506,0.421009912680822,0.0465047340965653,0.05358850444998,0.0630623193472214,0.0538783433712806
"1015","North Carolina.1995.Male",30,0.476251109650008,0.54949856547941,0.625565638388175,0.549756927855744,0.0610840437586724,0.0704009165111748,0.0799209662019695,0.0703512300123178
"1016","North Carolina.1995.Male",35,0.576961873892878,0.648811680259687,0.724383870006272,0.648995301585551,0.0744039629127063,0.0830176352110747,0.0925504199092515,0.083053894377194
"1017","North Carolina.1995.Male",40,0.63246686566124,0.697425669348002,0.768109089133017,0.69770155718548,0.0806931701731777,0.0893165061008631,0.0981254159613646,0.0892877519741284
"1018","North Carolina.1995.Male",45,0.735574110832977,0.811437875578262,0.896877643529281,0.811848596706552,0.0939990591811761,0.103948374899508,0.114014082308964,0.103898009522494
"1019","North Carolina.1995.Male",50,0.717581061923183,0.803511882265828,0.881613047762956,0.803558889302142,0.0925770087279552,0.102965045520925,0.112430767619247,0.102832541992154
"1020","North Carolina.1995.Male",55,0.714614169741313,0.79787193084063,0.884048456006465,0.79799170040786,0.0912146063722786,0.102046760122104,0.111846760269021,0.102115459823685
"1021","North Carolina.1995.Male",60,0.600107904426749,0.677119260332817,0.769324527755045,0.679674727442679,0.076962861696144,0.0869050501181178,0.0980945967753559,0.0869770185500498
"1022","North Carolina.1995.Male",65,0.348958498266584,0.420805398329841,0.494728499449102,0.421239355858455,0.0449141456290045,0.0538131999929953,0.063309508548096,0.0539063480049039
"1023","North Carolina.1995.Male",70,0.378003042848104,0.44235572091511,0.503328824393326,0.4413842528254,0.048673921750207,0.0565768740442089,0.0647252398021026,0.0564862282613712
"1024","North Carolina.1995.Male",75,0.155474342629428,0.205270727426461,0.250426156778427,0.204505303185604,0.0198700393005226,0.0262161415774186,0.0321635518275003,0.0261670071138969
"1025","North Carolina.1995.Male",80,0.0870867526325333,0.121933437583203,0.160168133644408,0.12187970820656,0.0110508386980961,0.0156763138826207,0.0201869502437556,0.0155958831160535
"1026","North Carolina.1995.Male",85,-0.0873945381246779,-0.0495195554815131,-0.0087414880074004,-0.0493528219371782,-0.0113158447100846,-0.00636353192594045,-0.00113656881374692,-0.00632478040366528
"1027","North Carolina.1996.Female",0,0.563722159847414,0.677117512999318,0.79379676875964,0.675934382245014,0.112577623929318,0.133429868025187,0.154798697122646,0.133445842068461
"1028","North Carolina.1996.Female",1,0.0185486688708847,0.0441390287672247,0.0721654453157181,0.0444799634042516,0.0036304231539031,0.00874668889293152,0.0142682620705796,0.00878282327532374
"1029","North Carolina.1996.Female",5,0.0152075229812909,0.0320625575219743,0.0511919792858499,0.0323742532121765,0.0030454997204463,0.00627496005753995,0.0100790732547274,0.00639521999800798
"1030","North Carolina.1996.Female",10,0.000247287644033079,0.01698912013582,0.0340864238752606,0.016982224979812,4.91504941016573e-05,0.00334074141684086,0.00682071444729306,0.00335441253892993
"1031","North Carolina.1996.Female",15,-0.0371795266890602,-0.0134710195934293,0.0133114826364389,-0.0132371734152417,-0.00734875482172686,-0.0026743327481491,0.0026767245147367,-0.00262268033827614
"1032","North Carolina.1996.Female",20,0.0700510113176364,0.0975261386604491,0.130692484112098,0.0980992081944699,0.0140990850722623,0.0192593352461711,0.0258516184266644,0.019377347553346
"1033","North Carolina.1996.Female",25,0.132920670119325,0.164012349367703,0.195077318310116,0.164003775915551,0.026374728436218,0.0324390557902332,0.0385436153743283,0.0324014340254715
"1034","North Carolina.1996.Female",30,0.203815712983213,0.237057827888429,0.274913997199244,0.237701633109319,0.0401307765321426,0.0467146534555908,0.0541944842798016,0.046957967279454
"1035","North Carolina.1996.Female",35,0.257387591920079,0.295415146812211,0.333422324627653,0.29517363780063,0.0506560647956672,0.0582020150342645,0.0659310328711061,0.0583116625844373
"1036","North Carolina.1996.Female",40,0.322327850620079,0.366712292708224,0.408460067956778,0.366027092317073,0.0639148351232499,0.0723484596421198,0.0807875720834228,0.0723146078384385
"1037","North Carolina.1996.Female",45,0.382895992516178,0.434855275694995,0.486507842476178,0.434931652086634,0.0751606500872895,0.0860840094299461,0.0964296859426252,0.0859288720551796
"1038","North Carolina.1996.Female",50,0.470618031358177,0.535441299220538,0.599737230905574,0.534856336897011,0.0931190556805518,0.105485858280801,0.118347970001499,0.105664921826808
"1039","North Carolina.1996.Female",55,0.504594802529132,0.575434362641852,0.651122609748281,0.575467978513757,0.0990472142389567,0.113657897477362,0.128114034277735,0.11368463601314
"1040","North Carolina.1996.Female",60,0.422254846266407,0.498824634775311,0.575490624620573,0.498359053634857,0.0840790777594488,0.0983809696857497,0.113417154236481,0.0984393956544818
"1041","North Carolina.1996.Female",65,0.366160059912003,0.441225382115821,0.523210761459836,0.441830463223754,0.072132306794044,0.0872111644745148,0.102173463616899,0.0872582140143011
"1042","North Carolina.1996.Female",70,0.429900637593171,0.504691661724726,0.582992835683779,0.505176904692181,0.0855059143333901,0.0997026587165977,0.11414528041852,0.0997741804593983
"1043","North Carolina.1996.Female",75,0.179871633213392,0.242454214825603,0.314357393155291,0.24270019790941,0.0354551127704718,0.047797380620639,0.0615460746351112,0.0479239063037438
"1044","North Carolina.1996.Female",80,0.0802377347628455,0.134299421967432,0.188072460207855,0.133727418079341,0.0158314134325603,0.0264992200387273,0.0368728052669316,0.0263877261631735
"1045","North Carolina.1996.Female",85,-0.327070504049386,-0.221352632608628,-0.121716282068659,-0.22088974255489,-0.0674971312492553,-0.0437322003383617,-0.0234808070693566,-0.0437804893138191
"1046","North Carolina.1996.Male",0,0.571887074258903,0.688835392203809,0.807087836569929,0.688669456631605,0.0769175640942195,0.0914386046632157,0.106382635869188,0.0912565348893235
"1047","North Carolina.1996.Male",1,0.0446815976669623,0.0710456304262403,0.0961539152460078,0.0708824625025336,0.00583855699934201,0.00942146291148249,0.0127439326952556,0.0093967596225887
"1048","North Carolina.1996.Male",5,0.0164921297012044,0.0340713571162037,0.0538675955132097,0.0344727138204334,0.00218710692696631,0.00449244031513215,0.00715741273412158,0.00456859498528913
"1049","North Carolina.1996.Male",10,0.012863310045801,0.0318673257117484,0.0552220157977418,0.0323453987332629,0.00176168543508911,0.00424532811267547,0.00725452664498114,0.00428681619029583
"1050","North Carolina.1996.Male",15,0.0727196002688712,0.123463445513805,0.17427287128225,0.122952168226138,0.00959716122592087,0.0163258853707428,0.0233457697515058,0.0162924455861998
"1051","North Carolina.1996.Male",20,0.184536822137432,0.247552005880948,0.316258964562525,0.248341350494439,0.024897169714475,0.0328877397133023,0.0416977528992975,0.0329072021331642
"1052","North Carolina.1996.Male",25,0.297101118510597,0.351918451918706,0.412777235039626,0.352828804018664,0.0395774508234451,0.0466344381618838,0.0541959373492305,0.0467747607624245
"1053","North Carolina.1996.Male",30,0.410156231898075,0.475587349914451,0.542425954544498,0.475989062871573,0.0545103250815577,0.0629283890735834,0.0719930870664345,0.0630982308107648
"1054","North Carolina.1996.Male",35,0.485242967684454,0.550011357302128,0.616093046057969,0.55013429587865,0.0647302480909909,0.0730343149457018,0.081503037869129,0.0729317774324821
"1055","North Carolina.1996.Male",40,0.576881669877332,0.641083900672001,0.704043710887438,0.640916479156676,0.0767146902489056,0.0848146723702547,0.0934762457190664,0.084967863588277
"1056","North Carolina.1996.Male",45,0.69269158364637,0.766331015514342,0.836253878322735,0.765101684797686,0.0920904772857801,0.101408504001451,0.110757239729344,0.101429406399447
"1057","North Carolina.1996.Male",50,0.738575541265804,0.815001848283981,0.899153145000929,0.815187189152425,0.0976405059526454,0.107944551618408,0.119051189158678,0.108067744706626
"1058","North Carolina.1996.Male",55,0.702012513857413,0.787092747696953,0.870722105971427,0.785239342211148,0.0931979062184395,0.104233309300126,0.115038641748121,0.104084180211402
"1059","North Carolina.1996.Male",60,0.613714734944882,0.700666525097177,0.785070687625518,0.700290146167007,0.081832865594877,0.0929630854870233,0.103433436603256,0.0928350646934501
"1060","North Carolina.1996.Male",65,0.369574400091502,0.438781736620532,0.520631514254273,0.439746998923392,0.0492560919192968,0.0583861138002807,0.0683659462063965,0.0582889914514201
"1061","North Carolina.1996.Male",70,0.453952261756906,0.521472409502999,0.596911364971828,0.522888294905775,0.0605596009017417,0.0690845152043419,0.0783577725498355,0.0693167990613346
"1062","North Carolina.1996.Male",75,0.177191755397172,0.223738436758524,0.272122957986019,0.224389150895457,0.0235450231088624,0.0296651152569015,0.0360335870484059,0.0297443957511471
"1063","North Carolina.1996.Male",80,0.0850343583612389,0.121699712191789,0.158266158143684,0.121644768057279,0.0112899149121344,0.016118961006131,0.0207734085685714,0.0161245962264009
"1064","North Carolina.1996.Male",85,-0.0884469838581367,-0.0477281816476699,-0.00905641507758022,-0.0479807469761621,-0.0119708766548997,-0.00633345768885738,-0.00117564868673891,-0.00637216450203741
"1065","North Carolina.1997.Female",0,0.527844511854743,0.644432800193304,0.761616277504401,0.646054835273832,0.111882689898395,0.133069910993815,0.155001480624492,0.132868632984483
"1066","North Carolina.1997.Female",1,0.0169373923453799,0.0421986747169391,0.0675241852570874,0.0422562685641266,0.00353958484426171,0.00872637442840699,0.0137754790598579,0.00868916428353933
"1067","North Carolina.1997.Female",5,0.0128587725247293,0.0292823569571997,0.0485570123552255,0.0296729993101097,0.00264078905378052,0.00600635030385839,0.0100468010557358,0.00610615080350036
"1068","North Carolina.1997.Female",10,8.95474951463961e-05,0.0168026419598326,0.0345624127490767,0.0169366305283405,1.94097880926688e-05,0.00345036084601047,0.00722100469315083,0.00348424877187317
"1069","North Carolina.1997.Female",15,-0.0415632834885286,-0.0172934642034145,0.0063598989429974,-0.0170886734855305,-0.00867105672646458,-0.00356942875778778,0.00123995628984141,-0.00352364445416329
"1070","North Carolina.1997.Female",20,0.0643515535682125,0.0929258787310341,0.123337633450421,0.0929825689885082,0.0132933216599169,0.0190681018970188,0.0250361398984642,0.0191347952258005
"1071","North Carolina.1997.Female",25,0.128043236306206,0.156178910512574,0.185469367614607,0.156378500425895,0.0260375021502316,0.0322520990145459,0.0382872166779951,0.0321837518982606
"1072","North Carolina.1997.Female",30,0.180612716928786,0.211941932361372,0.247268221992661,0.212686907511844,0.0368436627434177,0.0435901800270016,0.0506241975443629,0.0437701733378084
"1073","North Carolina.1997.Female",35,0.240047193752209,0.277905005601263,0.316498129726398,0.278473466117796,0.0494915454149979,0.0571948101297961,0.0653424300176946,0.057311713677333
"1074","North Carolina.1997.Female",40,0.305961859009364,0.347706200582768,0.39152205737703,0.348331760601575,0.0626521357445709,0.0716546584397166,0.0806645120891511,0.0716932839651261
"1075","North Carolina.1997.Female",45,0.378602547346044,0.429343507051109,0.479846742895445,0.429777626712349,0.0779757235346542,0.0885206042718199,0.0987386370222001,0.088456526988383
"1076","North Carolina.1997.Female",50,0.47266456119943,0.528602848851634,0.588362508216707,0.529374942777307,0.0964737518532071,0.108651645788653,0.122695813527553,0.108944771029215
"1077","North Carolina.1997.Female",55,0.493140180332587,0.563891860264576,0.637223585844003,0.563359641811381,0.101307638430184,0.116018044854719,0.130319815719838,0.115927395170218
"1078","North Carolina.1997.Female",60,0.417921036292721,0.492360735124825,0.572004638001014,0.492195615654182,0.0862668172257912,0.101168586047821,0.115995613599037,0.101260425392666
"1079","North Carolina.1997.Female",65,0.349935687200335,0.434188660339024,0.507159404066335,0.432899330536487,0.0729168685530713,0.089281764886465,0.103928753051664,0.0890537008736761
"1080","North Carolina.1997.Female",70,0.422412306008601,0.501180900904724,0.577144839498002,0.500713873410104,0.0875030876258325,0.102826668128845,0.119190044350067,0.103012709704884
"1081","North Carolina.1997.Female",75,0.164422777330307,0.227185791105842,0.286976245438155,0.226274167497013,0.0339489784025869,0.0467187176897028,0.0594094567530504,0.0465504170338865
"1082","North Carolina.1997.Female",80,0.0499827836297563,0.105466637406786,0.161766695929973,0.1053825162748,0.0105367158632788,0.0218583401439593,0.0333141857789191,0.0216561462880076
"1083","North Carolina.1997.Female",85,-0.331697868951166,-0.226239150438217,-0.122750617489168,-0.225580926358212,-0.0700866596350662,-0.0463541626594329,-0.0247705633241145,-0.0465803629744966
"1084","North Carolina.1997.Male",0,0.637925686448575,0.759905746883112,0.888716257333257,0.762271636912308,0.0903074399029704,0.10607553377974,0.12270710109613,0.106236863583576
"1085","North Carolina.1997.Male",1,0.0384921886756027,0.0637912435843616,0.0886512573862023,0.0635949305074911,0.00541835143412198,0.00890928286727426,0.0124379944908808,0.00886493005165037
"1086","North Carolina.1997.Male",5,0.0141686146731267,0.0317786206863572,0.0516309274605608,0.0321682701125865,0.00200322435347378,0.0044397214409866,0.0070957693817166,0.00448356927684365
"1087","North Carolina.1997.Male",10,0.0102397021634871,0.0289915436002107,0.0510729242332205,0.0295228173876258,0.00145948306945777,0.00403879413852946,0.00707231050308521,0.00411538948436495
"1088","North Carolina.1997.Male",15,0.0457976617702632,0.0949321267578911,0.147632969037703,0.0938481169563975,0.0063785343677133,0.0131754169071847,0.0204656147259035,0.0130780634199826
"1089","North Carolina.1997.Male",20,0.212642761365674,0.273527051513829,0.336566327253369,0.27472082256587,0.029918515170313,0.038273897420879,0.0468856324012764,0.0382992934910049
"1090","North Carolina.1997.Male",25,0.250300311732318,0.301582903364879,0.362112391280016,0.30294512253799,0.0350683313696659,0.0420249873030499,0.0502180634039824,0.0422392201354761
"1091","North Carolina.1997.Male",30,0.330202872710589,0.383788048375862,0.445396877963387,0.384804553249116,0.0460521293586615,0.0534885745553821,0.0619513565990337,0.0536536939886899
"1092","North Carolina.1997.Male",35,0.404713167170762,0.460069860110701,0.514422521925802,0.459365106775017,0.0569312411645685,0.0641425786910466,0.0717836622038399,0.0640549755166186
"1093","North Carolina.1997.Male",40,0.499017155988487,0.555219728052554,0.62007089973002,0.556610746418307,0.06949157904735,0.0774527167609863,0.0866300984574938,0.0776125168587694
"1094","North Carolina.1997.Male",45,0.643000985700044,0.71220111619036,0.78285620054881,0.71208807911387,0.0898673291161397,0.0993637652094576,0.10866938983766,0.0992878308872292
"1095","North Carolina.1997.Male",50,0.73774740290982,0.816618544478631,0.892450225141077,0.815345233515841,0.102631895145412,0.113845126232199,0.124779153367563,0.113691116178844
"1096","North Carolina.1997.Male",55,0.683011279265392,0.765900421636988,0.85095809813692,0.767089316177193,0.0955803192699934,0.107076789251893,0.118634916021573,0.106952934088372
"1097","North Carolina.1997.Male",60,0.621289458981678,0.708391978626452,0.7971016458396,0.709238811006962,0.0868567083672399,0.0990565852177999,0.110456561177217,0.0988897155797474
"1098","North Carolina.1997.Male",65,0.373925412818248,0.444357895858094,0.519606281280764,0.446203143352802,0.0526360688965021,0.0619370414311562,0.0717034654337766,0.062211220702853
"1099","North Carolina.1997.Male",70,0.40524992043573,0.478017276387517,0.545055417027485,0.478435884892139,0.0574460008485202,0.0666905081611729,0.0760293270126023,0.0667062600384112
"1100","North Carolina.1997.Male",75,0.185056887710402,0.242525832685213,0.291815370552497,0.241426885838954,0.0259682150749857,0.0338652954545911,0.0406465560756417,0.0336632662086255
"1101","North Carolina.1997.Male",80,0.0611891275756212,0.0966560986569714,0.134183925727475,0.0968858482047509,0.00853894162277351,0.01341980184437,0.0186905372941691,0.0135038468649411
"1102","North Carolina.1997.Male",85,-0.0995420562803364,-0.052730411056784,-0.0116276294642754,-0.053984559092313,-0.0142148948283278,-0.00735678904199897,-0.00159777089711192,-0.007544706356
"1103","North Carolina.1998.Female",0,0.585421391225277,0.698674563072599,0.809304568614505,0.696801166181756,0.119494255217799,0.140589662851706,0.160644781761899,0.14035621635468
"1104","North Carolina.1998.Female",1,0.0180602237411376,0.0408281436293169,0.0660038512173205,0.0408469986931463,0.00357914623874701,0.00823991897671176,0.013102834946673,0.0082271242965629
"1105","North Carolina.1998.Female",5,0.00931328000730891,0.0257233468431438,0.043526872196843,0.0259582717351923,0.00187770383423032,0.00517513293785143,0.00871792749588876,0.00522988429708268
"1106","North Carolina.1998.Female",10,-0.00187421416013614,0.0144475897886694,0.0307360237046163,0.0142098180739904,-0.000384424319738358,0.00292397012700153,0.00620595433475368,0.00286260645608311
"1107","North Carolina.1998.Female",15,-0.046071366905424,-0.0235515591837924,0.00181076857972604,-0.0232267189463079,-0.00940702454730763,-0.00472959702686043,0.000372995303741293,-0.0046897088724397
"1108","North Carolina.1998.Female",20,0.0638616462412893,0.0907516462360948,0.11989789600473,0.0911336558201049,0.0129839798178276,0.0183402563012573,0.0240898931913435,0.01836896011046
"1109","North Carolina.1998.Female",25,0.12091824361011,0.149312074255578,0.178654584036227,0.149729530105217,0.0243273693123402,0.0299731535885142,0.0360371083361106,0.0301787285555153
"1110","North Carolina.1998.Female",30,0.171119550685983,0.201896484318262,0.235817102830299,0.20236939836841,0.0344040599803173,0.0406709785201292,0.0477987490284185,0.0407913314270819
"1111","North Carolina.1998.Female",35,0.225625336302214,0.261543212374646,0.298165494435172,0.26185371226272,0.0453660390254799,0.0527485016125697,0.0603412346440274,0.0527780171867501
"1112","North Carolina.1998.Female",40,0.307147077929784,0.346186526051923,0.38690555278838,0.346718859647806,0.0618536234129016,0.0700046010621746,0.0784096483446522,0.0698876020006014
"1113","North Carolina.1998.Female",45,0.369641293763385,0.415600080707948,0.463217961201992,0.416340331300425,0.0743791980775947,0.0838985175964077,0.0935965703413869,0.0839164461536584
"1114","North Carolina.1998.Female",50,0.448342898455931,0.506938162499116,0.565171018613991,0.506661849511143,0.090371920173299,0.101992375542565,0.114000833490735,0.10211621352625
"1115","North Carolina.1998.Female",55,0.504657315615845,0.57851803914795,0.65030842505059,0.577817957304329,0.10238044548338,0.116616690186481,0.130164061881948,0.116445732939532
"1116","North Carolina.1998.Female",60,0.396168422639581,0.471159199264948,0.548884740348909,0.470658045260476,0.079788089322773,0.0949485801351112,0.109094524124293,0.0948390869999768
"1117","North Carolina.1998.Female",65,0.387137761870559,0.45635771633331,0.534925301268434,0.457514942340428,0.0783209547996346,0.0919881131758042,0.106989271899765,0.0921907990654377
"1118","North Carolina.1998.Female",70,0.376012372988222,0.450629396077645,0.529984973823777,0.451339772623819,0.0765317542894587,0.090752987791664,0.105504824994871,0.0909431651614797
"1119","North Carolina.1998.Female",75,0.205623785634941,0.269241344863338,0.332943928883236,0.268607724815251,0.0419774750930012,0.0541430992317461,0.0665584797596627,0.0541211761672103
"1120","North Carolina.1998.Female",80,0.0660370873567183,0.121646635253579,0.184689737704058,0.122959684942891,0.0136380838072574,0.0245277273693395,0.0370338811015587,0.0247639612205403
"1121","North Carolina.1998.Female",85,-0.214818909409985,-0.114597796130146,-0.0176950277275034,-0.11518314503902,-0.0445740733938315,-0.0228911370632885,-0.00341662076559254,-0.0233273430464631
"1122","North Carolina.1998.Male",0,0.702280832773163,0.826682162945362,0.945792278358533,0.825611732423501,0.101404526564212,0.118113282861968,0.133619032858292,0.117941397015465
"1123","North Carolina.1998.Male",1,0.0344924638089942,0.0576831395875575,0.0863140667776436,0.0583375750162622,0.00495258320123256,0.00826157083786233,0.0121726559280403,0.00833698488623568
"1124","North Carolina.1998.Male",5,0.0136732586136634,0.0309964960967496,0.0508769998358839,0.0315159413114536,0.00192390091116507,0.00442964586226817,0.00719818104417651,0.0045024019897945
"1125","North Carolina.1998.Male",10,0.00463471515967298,0.0223506993492022,0.0437216901071741,0.0224122563406635,0.000669105636992888,0.00318472814999842,0.00630182974749325,0.00320241132828694
"1126","North Carolina.1998.Male",15,0.0432211214195513,0.0930759472230883,0.145148641733157,0.0928047774957757,0.00621719929822328,0.0132848945909998,0.020701197332078,0.0132526299546439
"1127","North Carolina.1998.Male",20,0.192888571060164,0.259204980994806,0.326101700190392,0.259100976587915,0.0278925240330395,0.0370810052022525,0.0460333078487494,0.0370172127397779
"1128","North Carolina.1998.Male",25,0.239709780415272,0.294478989981567,0.352343601287978,0.295255981985275,0.0344120029493944,0.04218405759079,0.0503625090891836,0.0421889713735281
"1129","North Carolina.1998.Male",30,0.297390386142809,0.352372153696285,0.413197128054236,0.352164139040251,0.0430126611521077,0.050230168259961,0.0587682947775839,0.0503254638431499
"1130","North Carolina.1998.Male",35,0.36108021977029,0.418595010315648,0.476377880499703,0.418457740705461,0.0518876495525565,0.0597194536874635,0.0678379156928556,0.0598003521774509
"1131","North Carolina.1998.Male",40,0.430825673610287,0.487574044198265,0.550660537637539,0.487153704566557,0.0616412306246885,0.0696947419896647,0.0784457643811814,0.069619158136888
"1132","North Carolina.1998.Male",45,0.612228783310558,0.677730454093028,0.751460105860126,0.67850478464704,0.0876418480126877,0.0967840754972553,0.106928314894779,0.0969723284069669
"1133","North Carolina.1998.Male",50,0.698493108466146,0.76799871983444,0.834382936948739,0.767143453816616,0.100153968445003,0.10929277296421,0.119571409319317,0.109637699179706
"1134","North Carolina.1998.Male",55,0.676442469463631,0.753453897190087,0.839298598329148,0.754318231713568,0.0969373719329329,0.107680525116248,0.119277685276394,0.107794660424369
"1135","North Carolina.1998.Male",60,0.630064327647085,0.71284167488974,0.801522380718982,0.713510124918215,0.0904577388247132,0.101778783148659,0.114044517454855,0.10195771345409
"1136","North Carolina.1998.Male",65,0.410228215709214,0.488384531209002,0.567951098509919,0.488249717627873,0.058836903904869,0.0698056068059195,0.0810500935004311,0.0697655206663511
"1137","North Carolina.1998.Male",70,0.40695434014534,0.482021351258207,0.54645966916621,0.480979392837365,0.0578098638093327,0.0690807759370115,0.0783749242111464,0.0687372875533038
"1138","North Carolina.1998.Male",75,0.172677979127118,0.220221564461668,0.27396242343561,0.221334263832777,0.0248444891627553,0.0315390550197551,0.0390462088133297,0.0316313791425186
"1139","North Carolina.1998.Male",80,0.0670942780868569,0.103679886324779,0.14123224808226,0.103654928168406,0.0097058657770322,0.0148169660864181,0.020179580808702,0.0148079953439107
"1140","North Carolina.1998.Male",85,-0.0992553658978638,-0.0513915225994649,-0.0113901043192448,-0.0523141750327493,-0.014456966351752,-0.00735341994357193,-0.00163597826204676,-0.0074915676164361
"1141","North Carolina.1999.Female",0,0.529250568998228,0.645506119640556,0.761163366150996,0.645192961705695,0.116782603475996,0.139257204796883,0.161679978727135,0.139410163228376
"1142","North Carolina.1999.Female",1,0.0174842228609949,0.0398219481998752,0.0639223473548945,0.0398720545040298,0.00373900472828919,0.00853452613834202,0.0137904948102303,0.00861995139134501
"1143","North Carolina.1999.Female",5,0.00823228136433204,0.0232162837040572,0.0403947834542099,0.0238290993117244,0.00180505770558042,0.00502736407745968,0.00879488569957365,0.00515244119503038
"1144","North Carolina.1999.Female",10,-0.00371261275658104,0.0127310844587268,0.0284803593516178,0.0125806024988669,-0.000797117905898462,0.00275290502133095,0.00607940608799423,0.00271729301588436
"1145","North Carolina.1999.Female",15,-0.0492774829989881,-0.0255319908445914,-0.00278984163523329,-0.0254598761359858,-0.0107412457679465,-0.0055652714376169,-0.000630147310468881,-0.00551394167340873
"1146","North Carolina.1999.Female",20,0.0632664603831036,0.0893463151342997,0.119438289284779,0.0894260185845499,0.0137988831735035,0.0193629839822928,0.0253702272046212,0.0193343180575398
"1147","North Carolina.1999.Female",25,0.110422201958776,0.138186498059365,0.169835650459487,0.138415965244289,0.0239205515320961,0.0298310366503805,0.0366165662874755,0.0299338164120468
"1148","North Carolina.1999.Female",30,0.148288593165388,0.176803387981773,0.207940987831967,0.177179848711602,0.0320967796348979,0.0383352666974299,0.0449682763507082,0.0383110538160068
"1149","North Carolina.1999.Female",35,0.20911475189636,0.245721750744133,0.282219131023097,0.245383304812643,0.0451474999336883,0.0531331566804761,0.0610247171842991,0.0530627760772943
"1150","North Carolina.1999.Female",40,0.280247990682173,0.319575506422342,0.358030695706143,0.319556827399837,0.060224086983754,0.0689861324590673,0.0779874166283399,0.0691072677132075
"1151","North Carolina.1999.Female",45,0.358907291831498,0.403331157389546,0.451656593835758,0.403961064476242,0.0773320020933718,0.0871542084180721,0.0985759433215902,0.087354139481279
"1152","North Carolina.1999.Female",50,0.424530137821335,0.479591471912292,0.537760997750147,0.479590640984796,0.091037064569368,0.103805808699068,0.115782966254136,0.103703354202048
"1153","North Carolina.1999.Female",55,0.510818037659952,0.579017549056622,0.652988116017684,0.579467662547346,0.111392209859159,0.125261736172217,0.141216320571959,0.125292734401414
"1154","North Carolina.1999.Female",60,0.379269714043751,0.452490915362891,0.527625926009492,0.452143528169268,0.0827823464040324,0.0977997174490905,0.112750114546961,0.0977451024090747
"1155","North Carolina.1999.Female",65,0.394528664583186,0.470774077013614,0.549946852340294,0.47189593786739,0.0866165295200478,0.101906134997611,0.117293028172994,0.102009292807361
"1156","North Carolina.1999.Female",70,0.339220481133941,0.410692162463116,0.486871540083609,0.410108407156815,0.0739618906242496,0.0885200703208146,0.104775376698764,0.088647025440567
"1157","North Carolina.1999.Female",75,0.200855787721795,0.264339165711133,0.334736857050284,0.26539509846115,0.0440741196301287,0.0570863983599781,0.0716139138294218,0.0573466747790747
"1158","North Carolina.1999.Female",80,0.0513381997822904,0.109625378138636,0.168223802367955,0.109280965378259,0.011138050968897,0.0236184701272337,0.0360279954444397,0.0236034111957647
"1159","North Carolina.1999.Female",85,-0.309044273655054,-0.210432998643103,-0.111487438468535,-0.211267677049486,-0.068995006310228,-0.0455486195207749,-0.0241927434680308,-0.0458368739499057
"1160","North Carolina.1999.Male",0,0.650982093039597,0.772997138685824,0.895961246003306,0.772130445083946,0.0973290661365318,0.113802344675709,0.129786897929456,0.113724446322648
"1161","North Carolina.1999.Male",1,0.0322286673733089,0.0549375404501646,0.0830671323899205,0.0555554081551485,0.00473688738518007,0.00807514075768248,0.0122361141982745,0.00818548598078297
"1162","North Carolina.1999.Male",5,0.0124734116673504,0.02945390340325,0.047539889032093,0.0295500245760937,0.00185836844042019,0.00433368747399194,0.0070407971749399,0.00435374311926491
"1163","North Carolina.1999.Male",10,0.00121355366650537,0.018241194671436,0.0381712271854998,0.0185599123050031,0.000177050716766178,0.0026842943648537,0.00558029730877133,0.00273581712256178
"1164","North Carolina.1999.Male",15,0.0305693179540477,0.0746237383776563,0.121976389842074,0.0750288165729966,0.00449089945951196,0.0109613037526216,0.0180954868531724,0.011048288383299
"1165","North Carolina.1999.Male",20,0.172411147077685,0.237014436670193,0.307926711670206,0.237995059480522,0.0259100040800015,0.0349340258770748,0.0452375913762082,0.0350557843051465
"1166","North Carolina.1999.Male",25,0.207482699241334,0.259080599010885,0.314124067350571,0.259851194075245,0.0303211303117166,0.0382461091989297,0.0460137195454189,0.0382873309164823
"1167","North Carolina.1999.Male",30,0.245066030083635,0.296654974521543,0.35303790220614,0.297465665227173,0.0361047702195724,0.0436640856502632,0.0519306637006461,0.0438337061945122
"1168","North Carolina.1999.Male",35,0.329858510573469,0.376985696635356,0.431336844275342,0.378049172343264,0.0485638661690249,0.0557569367866064,0.0635414811479089,0.0557132415864639
"1169","North Carolina.1999.Male",40,0.389201831225126,0.43899459657257,0.500705865255166,0.440077288305092,0.0573823919551163,0.0647727284309791,0.0734886460741501,0.0648509106514171
"1170","North Carolina.1999.Male",45,0.600898115350932,0.66934014262424,0.733351059970569,0.66916026267445,0.0889165331799753,0.0985256995228761,0.108163280995386,0.0986105346769175
"1171","North Carolina.1999.Male",50,0.687662070054835,0.755552919943344,0.833035200372101,0.758029558403866,0.101355531882325,0.111478409664531,0.122936569154415,0.111707833817471
"1172","North Carolina.1999.Male",55,0.694457697205614,0.77202787239568,0.852866406654777,0.772085456837422,0.103033241423649,0.113816131526159,0.1253551848039,0.113776040859851
"1173","North Carolina.1999.Male",60,0.606491974233856,0.687612079830945,0.773729174307558,0.688691001420959,0.0898823776763798,0.101248532012327,0.11326609135233,0.101484174766996
"1174","North Carolina.1999.Male",65,0.478095151767789,0.549904485097287,0.630766021803962,0.551593442198889,0.0706039038982703,0.0812207704765378,0.0923929096094437,0.0812745889600667
"1175","North Carolina.1999.Male",70,0.414289102339324,0.47866800930873,0.550799006632645,0.479368746858092,0.0609961991696586,0.0704806924670746,0.0810638309724243,0.0706398164453177
"1176","North Carolina.1999.Male",75,0.180373476489713,0.228988605872723,0.284092696151094,0.229512010667368,0.0264903920468123,0.0337054801395106,0.0418025193161237,0.0338165712925826
"1177","North Carolina.1999.Male",80,0.0671203052652219,0.107585584639266,0.14710719158541,0.107276175716623,0.00994424517538092,0.0158617147383123,0.0216004826055078,0.0158024860575252
"1178","North Carolina.1999.Male",85,-0.0767699639274099,-0.0327866986343444,0.0103056985129964,-0.0331498119071312,-0.0113850401203109,-0.00482904374821709,0.00151388810486803,-0.00490080145930629
"1179","North Carolina.2000.Female",0,0.572777829316312,0.680486595057397,0.813993863227134,0.685130512727548,0.131258926722259,0.151745219816096,0.177973622415909,0.152605477032501
"1180","North Carolina.2000.Female",1,0.0175475106346491,0.0401852125410607,0.062923208084633,0.0399469066340074,0.00393036458923428,0.00895725395971375,0.0141279854044669,0.00889978542250932
"1181","North Carolina.2000.Female",5,0.00635457199745551,0.0218486018912065,0.0393369899946701,0.0223163488374999,0.00144599161475388,0.00490578129081158,0.00875258638488302,0.0049764339372388
"1182","North Carolina.2000.Female",10,-0.00469822657980558,0.0108942586504288,0.0257067554753569,0.0110297668370397,-0.00107068017255988,0.00242842712091025,0.00574877521668099,0.00245394972632116
"1183","North Carolina.2000.Female",15,-0.0477023154342889,-0.0253159457274829,-0.00177331889860391,-0.0250101703221628,-0.0107474178756644,-0.00563439675860673,-0.000404791188100791,-0.00559115007719382
"1184","North Carolina.2000.Female",20,0.0516384242815385,0.077772044220517,0.107253366526881,0.0784609157726792,0.0114626283177283,0.0174015978337417,0.0241278007137011,0.0174904626046851
"1185","North Carolina.2000.Female",25,0.101235092571722,0.127474355938303,0.156265939875649,0.127784811973143,0.0227181804083474,0.0284742812504769,0.0347216127659753,0.0284842228224536
"1186","North Carolina.2000.Female",30,0.13275044715103,0.159490437110585,0.190795199342025,0.159880675807599,0.0293849222521741,0.0354769026648532,0.0425762159004402,0.0356442525233585
"1187","North Carolina.2000.Female",35,0.190464379580193,0.226545673572922,0.264018859029012,0.226331168215264,0.0422387191085478,0.0504668202910515,0.0589813049435821,0.0504498837171854
"1188","North Carolina.2000.Female",40,0.250640378065578,0.291877889646719,0.333112737620195,0.291911912172584,0.0557684023925849,0.065251761702402,0.0744769097465315,0.0650857928259563
"1189","North Carolina.2000.Female",45,0.345093588164966,0.390012578403304,0.438560864269644,0.390709841182499,0.0769635755602904,0.0867335236733382,0.0977700536531092,0.0871013511953564
"1190","North Carolina.2000.Female",50,0.404977266202806,0.457417640127571,0.51495523275319,0.458324793268262,0.09052826892274,0.101926352372497,0.114903105402854,0.102172476973395
"1191","North Carolina.2000.Female",55,0.454811731352607,0.51855750627141,0.589374358887793,0.520576902970686,0.101633053703369,0.115709200054973,0.131174026197755,0.11603237855727
"1192","North Carolina.2000.Female",60,0.379882232009078,0.456851375004416,0.532561164362239,0.457121302437009,0.085909865270292,0.10168086699988,0.117908862619486,0.101861918624197
"1193","North Carolina.2000.Female",65,0.411997527240105,0.485495765205935,0.558602745126678,0.485773640291891,0.0929988347540985,0.10839626552989,0.123970813544424,0.108238572857072
"1194","North Carolina.2000.Female",70,0.331752270374031,0.399849714203963,0.47183424309474,0.399960231669524,0.0745707746660018,0.0891703518147483,0.104805638049143,0.0891146490592398
"1195","North Carolina.2000.Female",75,0.188572096032632,0.249284676707137,0.311234419525898,0.248830682575252,0.0423791585446301,0.0556469310593853,0.0688698209484702,0.0554323080308174
"1196","North Carolina.2000.Female",80,0.0203334482610674,0.0737366572540758,0.127874891667153,0.0744035700949806,0.00458345855322596,0.0165311958232366,0.0279850066227235,0.0165455941095443
"1197","North Carolina.2000.Female",85,-0.252087137276613,-0.163993225420908,-0.0787452484323496,-0.165349785051573,-0.0583324039739154,-0.0364202775225046,-0.0169819831992775,-0.0369983599419071
"1198","North Carolina.2000.Male",0,0.609634961709142,0.71949621547693,0.838244440017262,0.721428573840941,0.0936215638697716,0.109586173756311,0.125616539821168,0.109661136474849
"1199","North Carolina.2000.Male",1,0.0296719744979026,0.0532710916234826,0.0820994491007942,0.0539697515696228,0.00452512182734343,0.00811534554805816,0.0124134550514806,0.00820376532054727
"1200","North Carolina.2000.Male",5,0.00956847299450743,0.0254842311766112,0.0449661298428827,0.0260548691627542,0.00145597978343134,0.0038608140006203,0.00677962596402347,0.00396073253003291
"1201","North Carolina.2000.Male",10,-0.00145273729132878,0.0147420628452254,0.0338578411737404,0.0155023868046018,-0.000228216897087547,0.002250599975636,0.00513426747033831,0.00235714502373073
"1202","North Carolina.2000.Male",15,0.0308968780810604,0.0747215764733762,0.121262568762673,0.0758204199884092,0.00471855417623976,0.0113948564768953,0.0184027037261835,0.0115198706696834
"1203","North Carolina.2000.Male",20,0.17296359947037,0.228114868783447,0.291079958472575,0.228640974232533,0.0262998965424924,0.034655389353389,0.0442757631399809,0.0347619306912559
"1204","North Carolina.2000.Male",25,0.203332596281497,0.258955907069738,0.318741004987645,0.260379140762993,0.0313227661255035,0.0393625177683473,0.0480139365422304,0.0395851619249584
"1205","North Carolina.2000.Male",30,0.230343429997675,0.277300419943165,0.332291853883576,0.278209323477454,0.0352702500356332,0.0420888859147948,0.0504082966833535,0.0423040938378703
"1206","North Carolina.2000.Male",35,0.302826537662101,0.354111832122417,0.410756930142889,0.354352266211615,0.0463764890164869,0.0537041239612196,0.06233585259345,0.0538859111884028
"1207","North Carolina.2000.Male",40,0.383815292554619,0.437372423196059,0.49875717611443,0.437973562149147,0.0584475569923791,0.0664993542981185,0.0755399549699901,0.0666063664005383
"1208","North Carolina.2000.Male",45,0.532659052199506,0.597274141074489,0.660224032802262,0.596793487385083,0.0812228830536013,0.091012662440104,0.0999898044407977,0.0907607312519984
"1209","North Carolina.2000.Male",50,0.636402839228166,0.701420288415753,0.778543766451981,0.702923683512852,0.0967284750977438,0.107002068489226,0.117810833018983,0.106900016582607
"1210","North Carolina.2000.Male",55,0.687150114605153,0.766841319210984,0.847612367093158,0.766278150724971,0.105200342854798,0.116720170589847,0.12827718661734,0.116523468160863
"1211","North Carolina.2000.Male",60,0.640040222570338,0.717403715246909,0.797015338122399,0.718904408292035,0.0974392734633871,0.109136586330267,0.120706324689731,0.109323421259698
"1212","North Carolina.2000.Male",65,0.489325844395061,0.562908128963175,0.646640578407984,0.563815143881026,0.0743594975807647,0.08562883211868,0.0977352723367179,0.0857321100246553
"1213","North Carolina.2000.Male",70,0.353915621082724,0.422331765725235,0.496189543376788,0.423547526971947,0.054395542436729,0.0643429928990379,0.0750018942021165,0.0644026902827404
"1214","North Carolina.2000.Male",75,0.198374410506941,0.249558102846851,0.304705601602002,0.249958016806699,0.0302857727068814,0.0379443654574991,0.0462661237722837,0.0380080907571223
"1215","North Carolina.2000.Male",80,0.0771813860054934,0.117984864263903,0.154853163449458,0.117556301508121,0.0119191112908862,0.0179301002515618,0.0233223692735899,0.017873441447468
"1216","North Carolina.2000.Male",85,-0.060251201672294,-0.0143124774177302,0.0267057610211222,-0.0154838296975203,-0.00929570024109396,-0.00217694193117293,0.00406483067454789,-0.00237008382902106
"1217","North Carolina.2001.Female",0,0.569004414666595,0.678011562912257,0.786553626595426,0.677243123214372,0.129640761826236,0.152309779984922,0.173962337781245,0.152114849516933
"1218","North Carolina.2001.Female",1,0.0140487384643745,0.0379360272173742,0.0613968918064797,0.0377505797213623,0.00314964342421547,0.00855894199265609,0.0140215123540829,0.00848343227906149
"1219","North Carolina.2001.Female",5,0.00578041679870888,0.0202753977889826,0.0369336916735341,0.0209870860667241,0.00131405852709656,0.00460457456285828,0.00839861439525798,0.00471814919892127
"1220","North Carolina.2001.Female",10,-0.00459457053652244,0.00974717413191161,0.0258766817097927,0.0100818520348063,-0.00100273430163226,0.00219778195239837,0.00584217806375367,0.00226356526354372
"1221","North Carolina.2001.Female",15,-0.0518580377464409,-0.029053742201295,-0.00488049373961561,-0.0287295378993107,-0.011780988408075,-0.00654868591979481,-0.00105895472788598,-0.00647057108375375
"1222","North Carolina.2001.Female",20,0.0439526164197208,0.0700672964704361,0.100057733960454,0.0705577024354548,0.0099460997058813,0.015797363745465,0.0224854555599889,0.0158512226552109
"1223","North Carolina.2001.Female",25,0.092261386758077,0.117672044243953,0.143889476280111,0.117943054993923,0.0205295810092898,0.0265853297695987,0.0322541153675458,0.026505331929984
"1224","North Carolina.2001.Female",30,0.129271747603033,0.1547138928582,0.182175150868915,0.154871297649218,0.0287206140477672,0.0347665314788264,0.0413149901418269,0.034815958968792
"1225","North Carolina.2001.Female",35,0.187354090248588,0.224059936129557,0.257876231812402,0.224003718655532,0.0420815308657071,0.050394431644529,0.0585529803307948,0.050352066501113
"1226","North Carolina.2001.Female",40,0.241518618922023,0.281028750181804,0.32235483297971,0.280782667378597,0.0541102719551972,0.063196663612452,0.0729908427775771,0.0631110781828739
"1227","North Carolina.2001.Female",45,0.327264629246027,0.371898342602312,0.418332267023623,0.372481263842299,0.0732857770085062,0.0834121967028401,0.0953150886792631,0.0837190868864671
"1228","North Carolina.2001.Female",50,0.377388121110184,0.431421009417668,0.485423538511152,0.43119397962193,0.0847533594805087,0.0970191927494625,0.109293109183613,0.0969106815630901
"1229","North Carolina.2001.Female",55,0.443866748287226,0.510283143480962,0.578503564137417,0.509981209722654,0.0992924160512102,0.114266520027293,0.129062340193196,0.114614549872608
"1230","North Carolina.2001.Female",60,0.376361408880362,0.447952878994106,0.522127733873847,0.447920360997386,0.0854823931501823,0.100642468150004,0.116834806936194,0.100635920373267
"1231","North Carolina.2001.Female",65,0.410305259897624,0.480647080861266,0.557503655883713,0.481693466169015,0.093837944685839,0.107795764597716,0.124434846080756,0.108211790030922
"1232","North Carolina.2001.Female",70,0.329272327515588,0.404513203461231,0.477045410280295,0.404776389142708,0.0746525919277133,0.0909235523484573,0.105965395972104,0.0909352819293127
"1233","North Carolina.2001.Female",75,0.190969892829903,0.252766695965165,0.315182407204446,0.252202798296354,0.0428004740191262,0.0565659606709328,0.0703738485044549,0.0566567582767597
"1234","North Carolina.2001.Female",80,0.0193643482772239,0.0709913057062086,0.123122528480075,0.0704271245254299,0.00438773510690633,0.015985910788526,0.0274832002479693,0.0157967070183464
"1235","North Carolina.2001.Female",85,-0.175598769509583,-0.0860384121002623,0.00349105614427924,-0.084957020371543,-0.0404971296998992,-0.0192766316559652,0.000750070434572346,-0.0192258593634522
"1236","North Carolina.2001.Male",0,0.635520384903181,0.748634454440889,0.86882255948937,0.748486068627415,0.101194091817683,0.117707908253058,0.134522127362173,0.117502484883737
"1237","North Carolina.2001.Male",1,0.0316047108482262,0.0534293242461801,0.0777045815678527,0.0538129484678003,0.00500311773902333,0.00839213907227325,0.0121461075509797,0.00844901190170043
"1238","North Carolina.2001.Male",5,0.0064311227624509,0.0229090979345643,0.0408329785031155,0.0230852763102687,0.00100588377835803,0.00357864197441498,0.00639764457124328,0.00362446219867075
"1239","North Carolina.2001.Male",10,-0.00196298883908322,0.0140231586144556,0.0325224887933545,0.0142785337727445,-0.000306974085840143,0.00221054734782482,0.00511969383853535,0.00224033030003767
"1240","North Carolina.2001.Male",15,0.00715560084458859,0.0481616471299541,0.0950306975212184,0.0483472316332634,0.00111405342558611,0.00754705300000413,0.0148011359611156,0.00758301767483445
"1241","North Carolina.2001.Male",20,0.125707975843898,0.185024067033923,0.247749366693564,0.185292127252728,0.019778253042029,0.0290356574433053,0.0386718657743753,0.0290860042811313
"1242","North Carolina.2001.Male",25,0.198696635039542,0.251282698968442,0.312236392114248,0.252609997689428,0.0312450228568775,0.0395438032132451,0.0488535465301616,0.0396604291687548
"1243","North Carolina.2001.Male",30,0.219146061218216,0.267339573417498,0.317176332864275,0.266983104221494,0.0346237377794424,0.0420346428651922,0.0495858946008981,0.0419304444497482
"1244","North Carolina.2001.Male",35,0.264540330658377,0.319920892859319,0.375300019371107,0.320360836382302,0.0417578870161345,0.0501790516251505,0.0588101098529477,0.0503082635332797
"1245","North Carolina.2001.Male",40,0.344361217374021,0.400162370695819,0.457825424778835,0.401164281721702,0.0542634200803677,0.062927644640675,0.0718336018380248,0.0629956231014647
"1246","North Carolina.2001.Male",45,0.485812365564942,0.54811850490764,0.614415551056562,0.54715150442668,0.0766743974949819,0.0858389798158471,0.0955074783476847,0.0859250109202198
"1247","North Carolina.2001.Male",50,0.567216934852399,0.637123185380927,0.702429577530113,0.637347258686214,0.0888097180834449,0.100337360398551,0.110271392365615,0.100100319242222
"1248","North Carolina.2001.Male",55,0.654273009879843,0.738601034779271,0.819133975005118,0.737073133483171,0.102487529937985,0.115828644134879,0.127705032476596,0.115747939837285
"1249","North Carolina.2001.Male",60,0.616457154919182,0.697016366736953,0.787396438723546,0.699184001308804,0.0972685871381276,0.109460103339382,0.123423474119861,0.109799528207482
"1250","North Carolina.2001.Male",65,0.503544938522448,0.580905596535201,0.656969322306689,0.581146487864126,0.0795475832533723,0.0912854719680384,0.102833978356392,0.0912563698561109
"1251","North Carolina.2001.Male",70,0.360170479063751,0.428605880497338,0.494448497530356,0.428439296923207,0.0567482749774422,0.0673109828863745,0.0772661977291406,0.0672782598460862
"1252","North Carolina.2001.Male",75,0.222313339229246,0.277072510111759,0.328342579946642,0.277083542413077,0.0354372284755527,0.0436022748035618,0.0516499527633161,0.0435086978227822
"1253","North Carolina.2001.Male",80,0.0791070921797073,0.11649329662124,0.157874487366215,0.117239216050593,0.0125581873917826,0.0183563178011565,0.0248327268420458,0.0184091301017103
"1254","North Carolina.2001.Male",85,-0.013960242892145,0.0301954431678646,0.0723892744004311,0.02932944619404,-0.00222525295795148,0.00471270889038209,0.0112766930753115,0.00459467267274371
"1255","North Carolina.2002.Female",0,0.558691846372462,0.663808813341687,0.773598488438165,0.664024370910494,0.13657077294693,0.158046825312466,0.182096164890931,0.158594374375392
"1256","North Carolina.2002.Female",1,0.0145932371520431,0.0364711612685637,0.0586722236651907,0.0367461927090425,0.0034822082454484,0.00867749126197959,0.0141017601030832,0.00877926540265698
"1257","North Carolina.2002.Female",5,0.00449180038680342,0.0199374520681485,0.0355051633166684,0.0201652941172671,0.00107879857144313,0.00478902560811585,0.00860236292164481,0.00481621138997842
"1258","North Carolina.2002.Female",10,-0.00531850190313807,0.00932246927777702,0.0239261415419321,0.00951683028562268,-0.00127008834332945,0.00221845955884028,0.00578807837615097,0.00227073590776471
"1259","North Carolina.2002.Female",15,-0.0516577766135649,-0.0286046296102083,-0.00608121532142891,-0.0286295760970182,-0.0124584833440484,-0.00679871301142643,-0.00145494757118426,-0.00685301024275451
"1260","North Carolina.2002.Female",20,0.042591493294762,0.0727655831347755,0.100612767640688,0.072365901148113,0.0102656743020681,0.0173562545546012,0.0238414770256615,0.0172896650706259
"1261","North Carolina.2002.Female",25,0.07469700734729,0.101777814230434,0.128609107307263,0.101614723560756,0.0177545943428652,0.0243898655456502,0.0306804178614385,0.0242798321313031
"1262","North Carolina.2002.Female",30,0.120647220736394,0.148352714588469,0.176703229008285,0.148690953164376,0.0287252355296644,0.035504958715401,0.0424596274574238,0.0355365361731482
"1263","North Carolina.2002.Female",35,0.191236325313542,0.223801591717283,0.260422729941986,0.224488341396815,0.0457296173387493,0.0534855101860034,0.0622041612696034,0.0536556639308941
"1264","North Carolina.2002.Female",40,0.227087089397533,0.265978818176369,0.305899793703033,0.265657628029672,0.0544238438860374,0.0636839900093432,0.0733394876779214,0.0634959893402824
"1265","North Carolina.2002.Female",45,0.291567798056535,0.334378486527512,0.383550239123766,0.335389466314283,0.0696375977216216,0.0799301820973613,0.0917533077895465,0.0801658640153733
"1266","North Carolina.2002.Female",50,0.372733193152395,0.425442019859211,0.477941202072539,0.424718782628153,0.0889312212530353,0.101221947448326,0.11392457282733,0.101500851483912
"1267","North Carolina.2002.Female",55,0.427855612185247,0.491023109869065,0.552900704763911,0.490711937878563,0.103572077908533,0.117270056891332,0.131735199375852,0.11726167489412
"1268","North Carolina.2002.Female",60,0.366700572857135,0.440756609073112,0.515366171617158,0.441577379654644,0.0890532441850575,0.10554314152077,0.122157468842583,0.105500229849492
"1269","North Carolina.2002.Female",65,0.370684704012585,0.440270202802302,0.516201696625643,0.440532095138769,0.0884989353576218,0.105063011922874,0.12143681608259,0.105238783329732
"1270","North Carolina.2002.Female",70,0.32363981087538,0.395239149943692,0.469733642050747,0.395893118363708,0.0779626055051877,0.0945533201516318,0.111232620043908,0.0945826347327317
"1271","North Carolina.2002.Female",75,0.123377842939545,0.186128675953392,0.249951120899249,0.186148447536993,0.0293999541146978,0.0446139338477718,0.058965029455131,0.0444421506902109
"1272","North Carolina.2002.Female",80,-0.010241779029421,0.0422219477577102,0.0923215861066192,0.0413150811543708,-0.0023993673047968,0.0100809187036243,0.0216211676761357,0.00982879519063015
"1273","North Carolina.2002.Female",85,-0.177219499358212,-0.0827607341993608,0.00182402658166961,-0.0847284646220771,-0.0437865669046198,-0.0198887058336935,0.000410690039270398,-0.0203862476654926
"1274","North Carolina.2002.Male",0,0.651737488435512,0.772737812141894,0.891393684346711,0.770957228701477,0.109689069799929,0.128085151327028,0.145967447391697,0.127763897501702
"1275","North Carolina.2002.Male",1,0.0305710466275046,0.0524505602616186,0.0774632010768107,0.0526214104083935,0.00507521300819201,0.00866666236486988,0.0128138841280198,0.00872529420656232
"1276","North Carolina.2002.Male",5,0.00571072165027652,0.0208570927596042,0.0377826711033229,0.0210774386299491,0.000964142174092716,0.00342588787169644,0.00622502658431598,0.00349147341795272
"1277","North Carolina.2002.Male",10,-0.000605618829961437,0.0141036652680697,0.0316375554128667,0.0147618241333984,-0.000100898374346489,0.00232145413091173,0.00521067563452409,0.00244579163676088
"1278","North Carolina.2002.Male",15,-0.0343560392443287,0.00862754083286243,0.0539514510669889,0.00886080500121526,-0.00565647380777659,0.00141164774562895,0.00898488601102598,0.00145749307096171
"1279","North Carolina.2002.Male",20,0.103114622454242,0.161941659121977,0.226835495456553,0.162514620694947,0.017502979308304,0.0268573778430625,0.0371182231424398,0.0269263576829859
"1280","North Carolina.2002.Male",25,0.211967418345556,0.264664458751716,0.32306281879979,0.265460106251271,0.0353713382128117,0.0439028826581427,0.0537494167502749,0.0440070645383063
"1281","North Carolina.2002.Male",30,0.211564491416696,0.260401271903234,0.309990336124075,0.261023891163503,0.0349807497611051,0.0432924869328696,0.0514818758915917,0.0432746201143116
"1282","North Carolina.2002.Male",35,0.224300320358188,0.271966683023307,0.324486551833688,0.272615958652511,0.0376137733041819,0.0450887838216234,0.0535994486094526,0.0451943734520884
"1283","North Carolina.2002.Male",40,0.299726070677847,0.353289336738816,0.411654752832305,0.354608142775288,0.0501548599293159,0.0587475255744175,0.0682651975571098,0.0587888454607647
"1284","North Carolina.2002.Male",45,0.42754305313253,0.488534512087148,0.549885634111045,0.487588650150634,0.0708178366005184,0.080958937083479,0.0911406752797802,0.0808420642366744
"1285","North Carolina.2002.Male",50,0.551913911054046,0.622166850446613,0.686794774956636,0.622003468433638,0.0919969882036961,0.103128642119467,0.114337407424249,0.1031283877203
"1286","North Carolina.2002.Male",55,0.647005010206795,0.724639648593461,0.799166779198815,0.72468031924683,0.108076503178392,0.120055306879999,0.132850103506646,0.120150276464578
"1287","North Carolina.2002.Male",60,0.618474266887494,0.696668014898982,0.785095446668767,0.698216893744741,0.102859754636301,0.115621634937716,0.12925477356332,0.115755032837865
"1288","North Carolina.2002.Male",65,0.44841265013858,0.530096651094973,0.607196920466526,0.52996129112911,0.0753765715291038,0.0880167399438422,0.10008188125625,0.0878440049299267
"1289","North Carolina.2002.Male",70,0.313057342967917,0.382489790264699,0.455695520431138,0.38353055096603,0.0520871848295081,0.0634893543684513,0.0753737740955938,0.0635791623554971
"1290","North Carolina.2002.Male",75,0.204517037191864,0.256972875902668,0.31583891755221,0.257514401263226,0.0338918503557595,0.0425694233562635,0.0524680479834761,0.0426921795230509
"1291","North Carolina.2002.Male",80,0.0475125829140308,0.0922089295006893,0.136109207134058,0.0927211068453285,0.00790813728894459,0.0152863440365917,0.0223591508367098,0.0153678066440093
"1292","North Carolina.2002.Male",85,0.00320963169709817,0.0519805261130268,0.0997320662122828,0.0517813917503986,0.000510693563219227,0.0086198401383282,0.0163133516123105,0.00856587420570141
"1293","North Carolina.2003.Female",0,0.571515829335766,0.666625847823322,0.779547732192521,0.669594061613282,0.141161428593368,0.164029244374125,0.189035364394704,0.164461940132341
"1294","North Carolina.2003.Female",1,0.0134754069606476,0.0342876117519984,0.0585955645698108,0.0345381077270686,0.00329237551424262,0.00843970871713133,0.014363983331367,0.00848246209509534
"1295","North Carolina.2003.Female",5,0.00253021895579671,0.0188889509506978,0.0352480118765752,0.0187412428579005,0.000631073609775255,0.00467433507760104,0.00868466883906638,0.004601588440033
"1296","North Carolina.2003.Female",10,-0.00461748646418406,0.0101593129754215,0.0246202138839897,0.0100298772284838,-0.00112931418763049,0.00245345937534594,0.00611507501808922,0.0024603904483881
"1297","North Carolina.2003.Female",15,-0.0530609822500208,-0.0299913426378687,-0.00728662479795585,-0.030177044710421,-0.0131304998264444,-0.00736939382243752,-0.00179829317791615,-0.00742712593684316
"1298","North Carolina.2003.Female",20,0.0400938750518815,0.069291324267444,0.100037635057998,0.0692768868611502,0.00991624968344561,0.0170620020639131,0.0246557810025038,0.0170162364682845
"1299","North Carolina.2003.Female",25,0.0640143080446041,0.0919316924657096,0.119623015585755,0.0917683529857275,0.0158342214704559,0.0225821985721612,0.0290128758660176,0.0225514362285078
"1300","North Carolina.2003.Female",30,0.111979978363735,0.140669903564941,0.167446391509859,0.140337251990058,0.0274867109038789,0.0345816153911037,0.0413949538641076,0.0344923713197515
"1301","North Carolina.2003.Female",35,0.177572647952607,0.212876267939376,0.248885641635801,0.213090694764707,0.0433495879550404,0.0522382984442266,0.0618549472998842,0.0523762502378469
"1302","North Carolina.2003.Female",40,0.220885508646957,0.257657719757496,0.297810183002287,0.258313793555643,0.0541248227707882,0.0633543199746381,0.0734311907064005,0.0634860163641114
"1303","North Carolina.2003.Female",45,0.271650814440139,0.316600518787734,0.358804908113164,0.316303604465815,0.0669795584126737,0.0774241912305981,0.0886648607313702,0.0777371124338461
"1304","North Carolina.2003.Female",50,0.369768496960606,0.420505533510121,0.472088900319451,0.420260004936404,0.090543167285775,0.103448165321659,0.116225144796385,0.103286311656165
"1305","North Carolina.2003.Female",55,0.390860118873541,0.45449439677373,0.513285285242074,0.454170408857372,0.0965332407638805,0.111568588896322,0.125790935565076,0.111612591581016
"1306","North Carolina.2003.Female",60,0.39783547923005,0.466266196011553,0.538053428143625,0.466153782244881,0.0981839380116814,0.114587034399437,0.131874483461534,0.114546469382662
"1307","North Carolina.2003.Female",65,0.359247475034452,0.4343041879091,0.501464587823968,0.432597165715821,0.0897039095650129,0.106503551876461,0.122896056846223,0.106271773142884
"1308","North Carolina.2003.Female",70,0.290588351754492,0.356581138782004,0.423671874325865,0.357740063613252,0.0717898300600333,0.0878212758428537,0.10429861680321,0.087894291226873
"1309","North Carolina.2003.Female",75,0.127886550808643,0.188595286379525,0.250553348601625,0.187954051285312,0.0317951587731025,0.0462470040802742,0.0609384712121896,0.0461380024821691
"1310","North Carolina.2003.Female",80,-0.00681542120269023,0.0533300832707151,0.10349531295493,0.0514854267015471,-0.00165903066169399,0.0130673237562338,0.0253504951698168,0.0126091118089526
"1311","North Carolina.2003.Female",85,-0.193502645689834,-0.0881772257023296,-0.00363852329101734,-0.0913260711742951,-0.0487010645958902,-0.0217201676702592,-0.000876545845042117,-0.0225972295120847
"1312","North Carolina.2003.Male",0,0.679363570448547,0.795092802255463,0.91893079950748,0.796908550227806,0.119930435850794,0.138803676189702,0.158573757973401,0.138987678892295
"1313","North Carolina.2003.Male",1,0.0300572904278782,0.0517645821383051,0.0750053156335911,0.0518697271180465,0.00528063282000831,0.00899929243535535,0.0130193090904349,0.00905109104492742
"1314","North Carolina.2003.Male",5,0.00367176382019652,0.0180797038231173,0.0341328675996815,0.0182649838483774,0.00064433887504357,0.00315200296800341,0.00596061299114451,0.00318477545436942
"1315","North Carolina.2003.Male",10,0.000154966653407362,0.0151605548244447,0.0326102747384088,0.0157874508930645,2.72780412342739e-05,0.00264015624691611,0.00562771550753451,0.00275264616541924
"1316","North Carolina.2003.Male",15,-0.047246667701382,-0.00535826403233992,0.0415469923036316,-0.00401040036662073,-0.00832497892763454,-0.000942319770404812,0.00720421998942023,-0.000715609057035711
"1317","North Carolina.2003.Male",20,0.0673049556081845,0.125629843278611,0.183412671878842,0.125761655931595,0.01204624834136,0.0218501839864702,0.0325355711720041,0.0219278399935571
"1318","North Carolina.2003.Male",25,0.175687604617428,0.231199074383757,0.287538760887235,0.231324877990945,0.0306719471759344,0.0402505876383673,0.0498275809466158,0.040349006383324
"1319","North Carolina.2003.Male",30,0.183124917332821,0.231923726511796,0.281242330539137,0.232203895919489,0.0325276606672397,0.0404329408756028,0.0489615832410051,0.0405113127635381
"1320","North Carolina.2003.Male",35,0.195067534975616,0.240394476326947,0.288669935718391,0.240603410124967,0.0338767788914131,0.0419128917190739,0.0500285571390321,0.04198269814936
"1321","North Carolina.2003.Male",40,0.274629281659415,0.327526130266573,0.387724350005675,0.328125556776791,0.0482906537165517,0.0570845337563337,0.0673624378259652,0.0572566529350559
"1322","North Carolina.2003.Male",45,0.394680351003999,0.454421534344779,0.517837144893985,0.454876896409731,0.0694668969640815,0.0792469486914965,0.0911509229860168,0.0793717463447689
"1323","North Carolina.2003.Male",50,0.547570649405333,0.618880915926371,0.693670200120036,0.619693443238619,0.0960242078457777,0.108091511649286,0.121082065178949,0.10812696317511
"1324","North Carolina.2003.Male",55,0.632924316404406,0.708154595017333,0.783088386668103,0.708152386553818,0.111356484640443,0.123432096491642,0.137139702362862,0.123567529508425
"1325","North Carolina.2003.Male",60,0.552682997294373,0.631325146456757,0.716328393202954,0.632599272558814,0.0961104501997984,0.110217792482123,0.123538480751387,0.110375476449479
"1326","North Carolina.2003.Male",65,0.44266856212793,0.520215258008552,0.595658469299485,0.519361869834226,0.0774478088520176,0.0907066631213952,0.104044600706052,0.0906116293861891
"1327","North Carolina.2003.Male",70,0.302059997825613,0.369004210869067,0.448529894633877,0.371263998042855,0.0531404264927616,0.0644589232688788,0.0777616780015746,0.0647705924876554
"1328","North Carolina.2003.Male",75,0.160005277217507,0.223058814801169,0.277457835839373,0.221998165893838,0.0278797498113308,0.0386210841391036,0.048428130242811,0.0387243277501873
"1329","North Carolina.2003.Male",80,0.077793468224587,0.124979815684839,0.165786747776114,0.124489048718384,0.0137391969427379,0.0218136972581386,0.0290410902296845,0.0217172484376252
"1330","North Carolina.2003.Male",85,-0.00708731649259183,0.0428413993364594,0.0886238966769018,0.0427514201791961,-0.0012612733549136,0.00751166590237367,0.0154824892467442,0.00744639373575051
"1331","North Carolina.2004.Female",0,0.605145653802792,0.704859779263594,0.81702150616413,0.707470219851742,0.149098215028407,0.172340467048262,0.196083526316785,0.172619653469019
"1332","North Carolina.2004.Female",1,0.0133091371684605,0.0337960458818619,0.0585204797206176,0.0343311586793452,0.00323727284797762,0.00831434130034487,0.0139392857597964,0.00837866924658617
"1333","North Carolina.2004.Female",5,0.000979977973110718,0.0176311647852818,0.0352550516675791,0.017746406071651,0.000234259033877932,0.0042678019961805,0.00860977646409044,0.00433204660503101
"1334","North Carolina.2004.Female",10,-0.00465911132093273,0.0110876249311233,0.0250786849575685,0.0108196879469928,-0.00114036860722893,0.00270593197021913,0.00602170004113217,0.00263686262809395
"1335","North Carolina.2004.Female",15,-0.0470217435140095,-0.0251816851329244,-0.00289799812463715,-0.0248624572077813,-0.0116180731666636,-0.00617916991434629,-0.000711035867721961,-0.00607964156657366
"1336","North Carolina.2004.Female",20,0.0390993951104739,0.0657755218139972,0.093161717068106,0.0659615663653337,0.00959366653430521,0.0161046467563516,0.022771379249997,0.0160928169895467
"1337","North Carolina.2004.Female",25,0.051370181894876,0.0771590744852549,0.103815853711945,0.0770367559342463,0.0126130533546474,0.018855046348899,0.0257475746722314,0.0188067586977985
"1338","North Carolina.2004.Female",30,0.108131310921461,0.134578351576646,0.164401682277226,0.135308751361533,0.0265015053575186,0.0328252485494519,0.0402281830757396,0.033037982085221
"1339","North Carolina.2004.Female",35,0.166637649391069,0.199816705456946,0.237624159055983,0.200605275523971,0.0405946169366585,0.0489197445004784,0.0575547151579323,0.0489843345362669
"1340","North Carolina.2004.Female",40,0.220860564778977,0.261728435385734,0.306306700212736,0.262872596979112,0.0542350384199193,0.0640398960530393,0.0748784707019438,0.0641843303535636
"1341","North Carolina.2004.Female",45,0.258115832153728,0.304296518731104,0.351765942433558,0.303322818643201,0.0626850872689454,0.0738367054283848,0.0852458836350258,0.074061264776539
"1342","North Carolina.2004.Female",50,0.350728326452578,0.401513128345206,0.452003083138199,0.402009077280778,0.0853506214970961,0.0984092643791678,0.110302591546684,0.0981584707954389
"1343","North Carolina.2004.Female",55,0.386271363406687,0.44717304554516,0.507093981084257,0.448314824264144,0.0953453640310343,0.108975014317094,0.124337497454006,0.109458023318738
"1344","North Carolina.2004.Female",60,0.373209538667734,0.440656922745382,0.508848629966887,0.440329152300845,0.0907151393768518,0.107506385782127,0.123623255055962,0.107506458291059
"1345","North Carolina.2004.Female",65,0.355379609213132,0.43109319509393,0.503023297072728,0.432224136345412,0.088000216891493,0.105338488311626,0.122651240310784,0.105494180762941
"1346","North Carolina.2004.Female",70,0.237042882065487,0.307425593623527,0.379282093826297,0.308003654949814,0.0590540222392837,0.0750753341699384,0.0923823337479255,0.0751619761956147
"1347","North Carolina.2004.Female",75,0.14775715308485,0.21311584439715,0.278861260491762,0.213051454708659,0.0361493468980735,0.0520148726256871,0.0672369504584176,0.0519732492783575
"1348","North Carolina.2004.Female",80,0.0551238040007313,0.111481329763294,0.169022660170351,0.112427624754622,0.0135845476089579,0.0272265143782612,0.0409949893472783,0.0274214681385021
"1349","North Carolina.2004.Female",85,-0.143752092320858,-0.0498585276081652,0.041333257667453,-0.0495136782581515,-0.0361261672288172,-0.0120433920975884,0.00968311067335097,-0.0122289046017431
"1350","North Carolina.2004.Male",0,0.697716187343944,0.806027494812908,0.951708971499439,0.81156521024362,0.123661622837708,0.141383448126891,0.164010088007902,0.141780912281945
"1351","North Carolina.2004.Male",1,0.0317153405170041,0.0519246056865189,0.0756513634691571,0.052608026778197,0.00550438185207061,0.00910455549992377,0.0133895728163245,0.00919797442310138
"1352","North Carolina.2004.Male",5,0.00304101818636441,0.0158669847438305,0.0324781953302887,0.0163560879158965,0.00053566872084478,0.00277992975909309,0.00564029629583565,0.0028580846901865
"1353","North Carolina.2004.Male",10,-0.000881822726358888,0.015033757216781,0.0333918710233138,0.0155526120384771,-0.000154181617422348,0.00261519318308573,0.00581995862239726,0.00271621317024741
"1354","North Carolina.2004.Male",15,-0.055342929087959,-0.0149496510681996,0.0284418408821711,-0.0148858619051849,-0.00957810065484199,-0.00261933122711065,0.0050696479801133,-0.00261261420485219
"1355","North Carolina.2004.Male",20,0.0590063936066858,0.117103094621758,0.181312708712042,0.118310799526758,0.0104409468319314,0.0205953646027736,0.0316777955686638,0.020669913453681
"1356","North Carolina.2004.Male",25,0.174421195403413,0.236649460199043,0.295603248784779,0.236413519022072,0.030532162581803,0.0412470161904089,0.0513483014897207,0.0413001187594411
"1357","North Carolina.2004.Male",30,0.17120773299012,0.216058170186322,0.267518428361163,0.216886922358635,0.0300756167524204,0.0377795286647769,0.0464349743900466,0.0379063924208632
"1358","North Carolina.2004.Male",35,0.174220978159732,0.221752265709688,0.266895672432649,0.222002219750714,0.0304254004516354,0.0388966857115942,0.0469227453280512,0.0388045881362263
"1359","North Carolina.2004.Male",40,0.259469603219982,0.310290610814558,0.36505959551525,0.310941385967912,0.0450657044284007,0.0542207486903981,0.0640129661156119,0.0543439106350237
"1360","North Carolina.2004.Male",45,0.360124666729867,0.416557352789504,0.475264819898642,0.417333505367308,0.0629424395288655,0.0728204299542656,0.0830143813909989,0.0729401442306641
"1361","North Carolina.2004.Male",50,0.520019914891073,0.584286974211866,0.658233151894841,0.584466120988106,0.0905777668936597,0.102077188673945,0.115197761145826,0.102159202163998
"1362","North Carolina.2004.Male",55,0.598370112629722,0.667936408821221,0.743948585817902,0.667101323000331,0.104792209591102,0.116629584429458,0.129190655867189,0.116597032311076
"1363","North Carolina.2004.Male",60,0.562467103827789,0.642650594128495,0.726079135153307,0.64345579281875,0.0999130727585924,0.112062468615267,0.126842741472183,0.112461891824616
"1364","North Carolina.2004.Male",65,0.462176311372804,0.541717317681428,0.6220972535641,0.541968858476214,0.0810824994649026,0.0948303265818355,0.107824370576383,0.094724626596748
"1365","North Carolina.2004.Male",70,0.347359827549218,0.417408774088631,0.490754240639173,0.418930429288884,0.0612569672361666,0.0730022504735266,0.0856786230623454,0.0732117254180377
"1366","North Carolina.2004.Male",75,0.190278033586245,0.252735575873065,0.311598904720097,0.251986466906713,0.0336338537406978,0.0442748686927547,0.0536945857448622,0.0440325971695686
"1367","North Carolina.2004.Male",80,0.0936605858657244,0.139478749749995,0.187884393548444,0.140231693338996,0.0165055381566146,0.0243438310065819,0.0328735102245668,0.0245035256298505
"1368","North Carolina.2004.Male",85,0.0189470566761955,0.069721045963101,0.125678410137552,0.0710737296440795,0.00341957475549465,0.0122773001991643,0.0216305694626536,0.0124037608895772
"1369","North Carolina.2005.Female",0,0.607932766372865,0.711430854260498,0.827554224125832,0.713650359475552,0.159944729600861,0.182767656237263,0.209811835962621,0.183446388614053
"1370","North Carolina.2005.Female",1,0.0120093238189739,0.0323876195443793,0.057495049479902,0.0332102338019378,0.00309393651098463,0.00831557543221207,0.0146619969148182,0.00853554255277195
"1371","North Carolina.2005.Female",5,0.000672511960196836,0.0169977381142131,0.0337998317337269,0.0169051318842765,0.00016474355009521,0.004416576995687,0.00863970487330909,0.00434728604841632
"1372","North Carolina.2005.Female",10,-0.00422634719643519,0.0106104593846653,0.0246040288438615,0.0107580285591954,-0.00107495166229512,0.00274469683436806,0.0063648121684809,0.00276637494114519
"1373","North Carolina.2005.Female",15,-0.0373874464041358,-0.0158298861100309,0.00524494202486546,-0.0157282680247327,-0.00981338716373653,-0.00407547441920165,0.00136588613541295,-0.00405791070071308
"1374","North Carolina.2005.Female",20,0.0356378378220297,0.0626727054240564,0.0892324170335251,0.062597316852463,0.00929262290919293,0.0161404575748181,0.0226826326873351,0.0160947014387343
"1375","North Carolina.2005.Female",25,0.0434360696765991,0.0680010317961589,0.094316984672394,0.0685054822643245,0.0113043875309008,0.0175524098197118,0.0244648090196618,0.0176131245714745
"1376","North Carolina.2005.Female",30,0.100379910701414,0.124596242242118,0.155432422232656,0.125709019687215,0.0257814621547457,0.0320755381638105,0.0401453645814354,0.0323373191423967
"1377","North Carolina.2005.Female",35,0.161345447303645,0.195524296413086,0.231192197649886,0.195339786533169,0.0417664649499598,0.0501856024344468,0.0601188240289652,0.0502586020875675
"1378","North Carolina.2005.Female",40,0.219190187651409,0.258776258722079,0.303845529855834,0.258800094658896,0.0563513058937152,0.0664836452183398,0.0781389018320867,0.0665852153953202
"1379","North Carolina.2005.Female",45,0.248666571551087,0.294345165715583,0.337694695172117,0.294379470883944,0.0645705111366027,0.0756643358732633,0.087288061517383,0.0757270609505908
"1380","North Carolina.2005.Female",50,0.334875381775992,0.384964185744754,0.43603900549817,0.384881944818841,0.0861674726399843,0.0989759243958392,0.112307278242739,0.0990106009359345
"1381","North Carolina.2005.Female",55,0.339970488054196,0.393741027364531,0.449754078835076,0.394311012791502,0.0873838256064193,0.101187796057174,0.116548634442338,0.10142640696722
"1382","North Carolina.2005.Female",60,0.357821524082624,0.419197945411769,0.483871951950296,0.419605357499475,0.0921808433776344,0.10796857636004,0.12440749599721,0.107915450968141
"1383","North Carolina.2005.Female",65,0.364803883244285,0.439568510330219,0.507805048914772,0.438748978793158,0.0952496570984399,0.112785648258325,0.129892492727915,0.112823216083872
"1384","North Carolina.2005.Female",70,0.190666846110969,0.25641794993482,0.331423138402994,0.257331873906862,0.049296815238752,0.0660315862553331,0.0840108795012418,0.0661322091349923
"1385","North Carolina.2005.Female",75,0.158628235683384,0.221903052682488,0.284003587929756,0.221218515621559,0.0413560751490107,0.056879565823345,0.07246215538247,0.0568633795486023
"1386","North Carolina.2005.Female",80,0.0625899026871394,0.115048557243752,0.17265474792676,0.116153215215714,0.0162049656750853,0.029694871808299,0.0441438804892373,0.0298377494902977
"1387","North Carolina.2005.Female",85,-0.2008068385994,-0.105607108685291,-0.0132336998489695,-0.106822616821923,-0.054246999212829,-0.02715982012731,-0.00332094276720508,-0.0276627181708173
"1388","North Carolina.2005.Male",0,0.621460579261659,0.74075741147729,0.860031339755446,0.73903628554184,0.114540920368268,0.134610892622895,0.153965792828363,0.134399100406168
"1389","North Carolina.2005.Male",1,0.0316904889532478,0.0537663349842225,0.0770560325339425,0.0538344675142281,0.00581179847605669,0.00977983914843805,0.0140772179393149,0.0097938757113868
"1390","North Carolina.2005.Male",5,0.00181212422941954,0.0153676120618312,0.0309146086262161,0.0158287542624502,0.000328972428490189,0.00279785563194834,0.00564389345671171,0.00287753671402358
"1391","North Carolina.2005.Male",10,0.00156826883208393,0.0168844044001334,0.0357232620464775,0.017104024520974,0.0002802449033845,0.00305654007625987,0.0065196749608492,0.00311006170385823
"1392","North Carolina.2005.Male",15,-0.041641089500164,-0.0021033703937694,0.0366824603229259,-0.00234014351909336,-0.00763070001814384,-0.00038052509336177,0.00654943977595245,-0.000437283136886514
"1393","North Carolina.2005.Male",20,0.0697116317882263,0.129031222491595,0.190204398018635,0.129343195681027,0.0129254498311046,0.0235147581148904,0.0345156886293336,0.0235195064455564
"1394","North Carolina.2005.Male",25,0.181812269980614,0.241159066992944,0.305651056799666,0.241060197521087,0.0331848679182878,0.0435165461476638,0.0553942908349088,0.0438451817031161
"1395","North Carolina.2005.Male",30,0.16186141616253,0.212253437147879,0.260087163246925,0.212472559312329,0.0297666666156501,0.0387429604651066,0.0476457011571453,0.0386553288687848
"1396","North Carolina.2005.Male",35,0.184880795969499,0.230975339745564,0.27714407497934,0.231266595707411,0.0336237731354804,0.0420330431017701,0.0505817716117033,0.0420721554755026
"1397","North Carolina.2005.Male",40,0.244770185394799,0.291322108978256,0.339870275100185,0.291994470991675,0.0444314295356024,0.0530409818277017,0.0624191199107652,0.0531267988937752
"1398","North Carolina.2005.Male",45,0.353009442030725,0.406847728162008,0.468002452869563,0.408170838106894,0.064421506646405,0.0741254884288569,0.0850806786847872,0.0742665643870092
"1399","North Carolina.2005.Male",50,0.443054745551422,0.507666110664144,0.580034620193588,0.50788868982827,0.0809906769969421,0.0924504038702114,0.104464271023233,0.0923959723630711
"1400","North Carolina.2005.Male",55,0.573366403096154,0.646655799728683,0.720014102360302,0.646566711622397,0.105351479139721,0.117689672537089,0.130313160598606,0.11763887652834
"1401","North Carolina.2005.Male",60,0.545487973206825,0.623686520822053,0.699720603270902,0.623039994215284,0.0989962433406099,0.113433468073659,0.127030612420254,0.113356930669903
"1402","North Carolina.2005.Male",65,0.460138829056276,0.535181414466926,0.614985955094852,0.534675966386072,0.083871833032992,0.0971421817924093,0.110897092059435,0.0972634725139919
"1403","North Carolina.2005.Male",70,0.332012684867325,0.397364187596257,0.472668287950583,0.399127291370902,0.0606930069982371,0.0722820078965054,0.0853400382492538,0.0726007047623278
"1404","North Carolina.2005.Male",75,0.214110826862363,0.275064018225418,0.334181697739346,0.274554598623195,0.038588050834777,0.0498425150350108,0.0610790634012091,0.0499466682654705
"1405","North Carolina.2005.Male",80,0.0817261263970056,0.128589771432637,0.177238036600237,0.128584713603842,0.0149898821821673,0.0234591914554666,0.0321416875054287,0.0233873542684705
"1406","North Carolina.2005.Male",85,-0.0111453597356838,0.0455761359021515,0.103749623892144,0.0451254780106335,-0.00207359025227802,0.00830368312266838,0.0188178352222897,0.00818119345613088
"1407","North Carolina.2006.Female",0,0.566019784721557,0.665645429130517,0.775546328974156,0.667592083272006,0.156041596089521,0.179593307056133,0.205657081484724,0.179761552393078
"1408","North Carolina.2006.Female",1,0.0124186581254052,0.0329412712268414,0.057302947430962,0.0334996930041981,0.0033370332802909,0.00890788623759574,0.0152905771183264,0.00901529192907794
"1409","North Carolina.2006.Female",5,-0.000522402330616603,0.0163767600011219,0.0319547302792269,0.0160346055265438,-0.000144445812739703,0.00440738538914662,0.00863234698245547,0.00432126332059969
"1410","North Carolina.2006.Female",10,-0.00483543507547331,0.00995005702802199,0.0244506291219024,0.00990690008198934,-0.00130042302454654,0.00268541504786791,0.00647355154201699,0.00266521632688632
"1411","North Carolina.2006.Female",15,-0.0340690200008615,-0.0136399863456191,0.00782905455592705,-0.0137171939450495,-0.00940942987141544,-0.00366891691142012,0.00207770059680669,-0.00370955458590525
"1412","North Carolina.2006.Female",20,0.0300367167278149,0.0551287861629374,0.0832754940429394,0.0555451127432042,0.00805717550089559,0.0148833118558918,0.0221212616963884,0.0149591603599297
"1413","North Carolina.2006.Female",25,0.038972180929511,0.0650518339564859,0.0931757189137927,0.0648335952084115,0.0105198538117808,0.0174484473623984,0.0250692707706139,0.0174669839565143
"1414","North Carolina.2006.Female",30,0.0919712038312102,0.119257253226851,0.14708613757647,0.11924886767827,0.0246154868156703,0.0320305962181838,0.0400262452184858,0.0321449459782265
"1415","North Carolina.2006.Female",35,0.148651443658158,0.178886840232715,0.211570710648608,0.179371848774395,0.0397383678877735,0.0482817327167208,0.0579556933729684,0.0483413425120867
"1416","North Carolina.2006.Female",40,0.209478956989694,0.248393057844072,0.28642509792106,0.248305917192357,0.0563904319851823,0.0670993693876508,0.0778614698628192,0.0669277684507124
"1417","North Carolina.2006.Female",45,0.244646095578987,0.290225190956581,0.334277520956558,0.290256588194504,0.0669531042562437,0.078143836367731,0.0903529696193035,0.0782147405095406
"1418","North Carolina.2006.Female",50,0.307542099432236,0.355673052058294,0.403871840531631,0.356730592322055,0.0834438408301528,0.0960311332960704,0.109005697517512,0.0961312876863293
"1419","North Carolina.2006.Female",55,0.318090528465942,0.37430915806028,0.430110582049499,0.373528266398681,0.085335468955529,0.100688539354964,0.115247303450404,0.100653946052918
"1420","North Carolina.2006.Female",60,0.351785909476412,0.419142377886153,0.482473913474563,0.419158261905373,0.0957558092561944,0.11309049583132,0.130198039295771,0.112932984788898
"1421","North Carolina.2006.Female",65,0.366180831142974,0.437816656785468,0.501771970539,0.436262513376792,0.0989969780666459,0.117956309633919,0.135804490546035,0.117543627431379
"1422","North Carolina.2006.Female",70,0.180936819430203,0.247888811917881,0.314892246673235,0.247916574157677,0.0489869871911649,0.0669154517043611,0.084327631921236,0.0667456042752618
"1423","North Carolina.2006.Female",75,0.137995953641507,0.200729092432774,0.26643236209114,0.202229878437889,0.0379168194936043,0.0541173743401603,0.0718461910705597,0.0544476032238788
"1424","North Carolina.2006.Female",80,0.0733496247947005,0.130106014299049,0.191806264230899,0.13103960107467,0.0200480551401215,0.0352281667216624,0.0513563045484147,0.0352589017920266
"1425","North Carolina.2006.Female",85,-0.223278772558889,-0.125101054287753,-0.025517930859262,-0.124628391219881,-0.0622928967280395,-0.0335481357159689,-0.00615601359885194,-0.0338226664014389
"1426","North Carolina.2006.Male",0,0.608622328775992,0.720952922087693,0.840115041777562,0.720255849193497,0.112269143716725,0.130837657662131,0.151758089299314,0.131197006916327
"1427","North Carolina.2006.Male",1,0.0321454722293914,0.0530603460608837,0.0764891284390603,0.0534219059071272,0.00582434536369536,0.0097028712720695,0.0139453287222158,0.00973554994368501
"1428","North Carolina.2006.Male",5,0.0024394374889821,0.0155444991581565,0.0310081409350466,0.0160816190118154,0.000450004383261282,0.00282722177265625,0.00569194599148218,0.00292899717005372
"1429","North Carolina.2006.Male",10,-0.00021536919209115,0.0163281172015533,0.035419259395575,0.0168504330283596,-3.94829094824777e-05,0.00298410259503435,0.00642108229098011,0.00306829413299368
"1430","North Carolina.2006.Male",15,-0.0341958172696831,0.00218330548440537,0.0456483175918864,0.0037970432985629,-0.0062258139892738,0.000392043495706242,0.00823236018380041,0.000681092012219817
"1431","North Carolina.2006.Male",20,0.0726227682377112,0.133885433008175,0.192205444636457,0.132896595587761,0.013483046865697,0.0244023231106429,0.034977031947858,0.0242011772738017
"1432","North Carolina.2006.Male",25,0.177490308742838,0.235122183389761,0.304483316286756,0.23659916876466,0.032666488237169,0.0428965388313728,0.0551050495538025,0.0430992822504031
"1433","North Carolina.2006.Male",30,0.149990227231875,0.197486753401213,0.248137593788144,0.198196610513978,0.0273625232075504,0.0360103222445121,0.0450982622833079,0.0361239527454364
"1434","North Carolina.2006.Male",35,0.184417473928973,0.229811668783802,0.28248489503807,0.230747115870028,0.0340492911828901,0.041861126527109,0.051465647339942,0.0420522786237975
"1435","North Carolina.2006.Male",40,0.211563847893628,0.260991948217476,0.315100905702602,0.261178849103266,0.0388012908926068,0.0476073494928755,0.0571518855632243,0.047592143484504
"1436","North Carolina.2006.Male",45,0.334780995571229,0.391445977707945,0.453171112027084,0.391540321299555,0.0613492268916859,0.0713713435591833,0.082223340358494,0.0713594588941954
"1437","North Carolina.2006.Male",50,0.436976920695463,0.502052753471276,0.573011707772042,0.503224067831092,0.0805506109534348,0.091378892354563,0.103214330126012,0.0917072920996573
"1438","North Carolina.2006.Male",55,0.552397076474269,0.618865675410596,0.682704021877517,0.618538385163291,0.10082301210291,0.112666369736627,0.124858810511003,0.112740620487468
"1439","North Carolina.2006.Male",60,0.566373259235829,0.646048923324072,0.72697940296326,0.647296853954518,0.103910540474164,0.117918766958765,0.132326470749368,0.117972784261429
"1440","North Carolina.2006.Male",65,0.51793621226427,0.59565115576857,0.67403161695987,0.596523422521836,0.0954144692205744,0.108742378549971,0.122801867010798,0.108715155164321
"1441","North Carolina.2006.Male",70,0.344611068914822,0.412469818854328,0.482836753011345,0.413050905678824,0.0630256970122688,0.0749941619587686,0.0874322637891998,0.0752738521951127
"1442","North Carolina.2006.Male",75,0.217699422382841,0.281778130166437,0.345709759253218,0.281779223358907,0.0404565462771345,0.0511732362274243,0.0628911109569007,0.0513442719873765
"1443","North Carolina.2006.Male",80,0.0709561378350503,0.116658419156748,0.166574888081038,0.116836445308934,0.0131525099083647,0.0212994249046224,0.0303939812452667,0.0212885303658432
"1444","North Carolina.2006.Male",85,-0.0133085041584026,0.049127174189791,0.106263133572891,0.0491349351282795,-0.00239261887512613,0.00899889861921832,0.0188979836433179,0.00891825999137472
"1445","North Carolina.2007.Female",0,0.506185020890261,0.602161879045962,0.708388045160641,0.602072747948499,0.148523939335037,0.173755672776802,0.200940386600412,0.174250844015992
"1446","North Carolina.2007.Female",1,0.0121847919271349,0.0325108803758964,0.0577056479688783,0.0330299428639479,0.00355722668597711,0.00946932680429138,0.0168072097259273,0.00956103253857607
"1447","North Carolina.2007.Female",5,-0.00117324429785229,0.0164403885924115,0.0332481628082627,0.0162997610561589,-0.000327079538695901,0.00476597313897033,0.0095008158299468,0.00471757855874108
"1448","North Carolina.2007.Female",10,-0.00450880541821361,0.00981138199908493,0.0245368037921209,0.00988263654513127,-0.00133684039448968,0.0028380685656049,0.00708875076894272,0.00285736331960318
"1449","North Carolina.2007.Female",15,-0.031962230935298,-0.0112018825599548,0.00881073687249007,-0.0112883676400718,-0.0092846844662544,-0.00324473151985185,0.00259720810546466,-0.0032815390349486
"1450","North Carolina.2007.Female",20,0.0267645219621897,0.0528648739427428,0.0790637463454549,0.0523378533899946,0.00793626782197037,0.0152972064104151,0.022627431739556,0.0151427840957435
"1451","North Carolina.2007.Female",25,0.0394317346521398,0.0660122091024583,0.0955413283936475,0.0661999058258381,0.0112934787038223,0.0189868417806232,0.0275752044112617,0.0191602375586006
"1452","North Carolina.2007.Female",30,0.0767551272380916,0.102728834400544,0.130387492805708,0.103116403234336,0.0220690936641463,0.0298009153553137,0.0378228534715229,0.0298669455956731
"1453","North Carolina.2007.Female",35,0.133375185516985,0.162966067001115,0.195961457169671,0.163253888979767,0.0383681519653545,0.0471361391570177,0.0567853381591178,0.0472741861695408
"1454","North Carolina.2007.Female",40,0.186551883250874,0.224133730192101,0.263254634353182,0.224341188102539,0.0540632625378091,0.0649537142980549,0.076915636342779,0.0649853593714469
"1455","North Carolina.2007.Female",45,0.22643636939425,0.266684316663869,0.311290668560066,0.267768973509006,0.0655679624513478,0.077442598251626,0.0907830514279974,0.0775399396601173
"1456","North Carolina.2007.Female",50,0.280609076077615,0.324623938153837,0.378614194507147,0.326131041251246,0.0809503494674153,0.0940351170878802,0.108331442399282,0.0944345535635446
"1457","North Carolina.2007.Female",55,0.297294405248306,0.352711881133038,0.405819489896604,0.352927559786605,0.0861051635338367,0.102182021692125,0.117505504713848,0.102188914319677
"1458","North Carolina.2007.Female",60,0.330966590139581,0.391906480912224,0.458866253549379,0.392680358065611,0.0967879799130908,0.113563075387942,0.132817563876055,0.113700488368378
"1459","North Carolina.2007.Female",65,0.360547187517072,0.431876114173538,0.507543137491922,0.431806924342101,0.104517208345966,0.124937200595855,0.146049682613175,0.125012875959886
"1460","North Carolina.2007.Female",70,0.181293210769835,0.248541905953238,0.315812266204385,0.249486388742047,0.0535101728669595,0.0719820499106315,0.0911232426601172,0.0721752336037007
"1461","North Carolina.2007.Female",75,0.124545278170317,0.186076501822416,0.252921807818074,0.186833381525589,0.0371464448006107,0.0538988609670389,0.0729421066975303,0.0540316974210251
"1462","North Carolina.2007.Female",80,0.017192505820821,0.0776982713358761,0.135917342983803,0.0777598487392036,0.00490175693507292,0.0225247010452701,0.0390165846747062,0.0224538751397777
"1463","North Carolina.2007.Female",85,-0.193569446458929,-0.0884920150429821,0.0146858753246785,-0.0891432506012125,-0.0577445972367948,-0.0256673167020202,0.0041488516148407,-0.0260723702250754
"1464","North Carolina.2007.Male",0,0.616381414596122,0.726610405441779,0.847395790094292,0.72516055930435,0.119078308768846,0.138128249861547,0.158618775570891,0.138188815924093
"1465","North Carolina.2007.Male",1,0.0285168045975938,0.0508352178326654,0.0720723326675467,0.0507167275570279,0.00544534619970231,0.00967658528390427,0.013802452386034,0.009668598752009
"1466","North Carolina.2007.Male",5,0.00320445311765049,0.0163611212426646,0.0328682914741091,0.0165658834275027,0.000606292820998042,0.00310726364089067,0.00612310735123142,0.00315769196039264
"1467","North Carolina.2007.Male",10,0.0028371345537212,0.0177077651335599,0.0366034339311689,0.0181932482514215,0.000531982472119968,0.00337163686883031,0.00701284763206236,0.0034665781604035
"1468","North Carolina.2007.Male",15,-0.0348517101031875,0.0028726997136137,0.0407525965147385,0.00311492333891778,-0.00687722741842217,0.000541742526835502,0.0077265938615801,0.000579526267531272
"1469","North Carolina.2007.Male",20,0.082222162585918,0.140450422194811,0.202899826005803,0.140223681035968,0.0157966770133111,0.0268625673169156,0.0387007651860797,0.0267161728939043
"1470","North Carolina.2007.Male",25,0.140320043111498,0.194843461196435,0.251385280811992,0.195350934353865,0.0268613825564032,0.0372062335575323,0.0480595474190335,0.0372311966350132
"1471","North Carolina.2007.Male",30,0.141642085172054,0.191655225424397,0.238686753970812,0.192121008392862,0.0272965063179323,0.0365972129731985,0.0454848560756352,0.0366200878616538
"1472","North Carolina.2007.Male",35,0.157503644987035,0.199950657460918,0.243465090623431,0.199955464719605,0.0302082879955077,0.0381323802248054,0.0466555467752873,0.0381217936811511
"1473","North Carolina.2007.Male",40,0.179111376541644,0.227048255890723,0.278256248912856,0.22810154688818,0.0343155051787358,0.0434806416542219,0.0530625276316834,0.043483666780163
"1474","North Carolina.2007.Male",45,0.297372681251358,0.346190297444267,0.405638696929214,0.347087736173002,0.0568302901846652,0.0660858854762247,0.0770666564591229,0.0661787932611661
"1475","North Carolina.2007.Male",50,0.411522801799472,0.479321486714436,0.542165086753636,0.47824650657116,0.0791799980410344,0.0913159042847382,0.103675146953355,0.0911803833144822
"1476","North Carolina.2007.Male",55,0.53117216248084,0.598579090576006,0.666389749706795,0.598029777192447,0.101741811927868,0.114216800464745,0.126603618720558,0.114031037825079
"1477","North Carolina.2007.Male",60,0.583420818067138,0.655379799702019,0.740378210479262,0.657237358985893,0.111249302917465,0.124823437551781,0.14067027507038,0.125309162460259
"1478","North Carolina.2007.Male",65,0.481892667795288,0.551126585469716,0.629923157750778,0.552582925354677,0.0929069889874846,0.105144521169799,0.119232292665407,0.105345133873638
"1479","North Carolina.2007.Male",70,0.324572801612576,0.397998975158034,0.470142910847907,0.398499290187075,0.0631949583736008,0.0759744450594502,0.0896342280660976,0.0759643195752157
"1480","North Carolina.2007.Male",75,0.234944392539204,0.29546225366694,0.362763701091704,0.295765531542449,0.0454104403180621,0.0560596479564318,0.0683876425479497,0.0563843270114027
"1481","North Carolina.2007.Male",80,0.0664564419850018,0.115258668304612,0.160409472305838,0.114777779315747,0.0128969390638648,0.0219011968935602,0.0307565027347838,0.0218634984578265
"1482","North Carolina.2007.Male",85,-0.0306642620611716,0.0355664626131512,0.0987286503249642,0.0343081725806916,-0.00594831987725535,0.00674007838524796,0.0186411226928964,0.00650921530461601
"1483","North Carolina.2008.Female",0,0.500954926555989,0.605860431962203,0.708680170832807,0.605416909380838,0.172270741311071,0.202034290262171,0.231856840499589,0.202118443536292
"1484","North Carolina.2008.Female",1,0.0095301471720803,0.0310473346309937,0.0543164390271549,0.0309813663626243,0.00319247306415608,0.0103471519668306,0.0181217061526454,0.010356704984852
"1485","North Carolina.2008.Female",5,-0.00100810547972423,0.0170711937426574,0.0342964068798009,0.0169505585352981,-0.000343633716208288,0.00565717440416662,0.0113425228629884,0.00565844895022124
"1486","North Carolina.2008.Female",10,-0.00410841986682046,0.010724780834411,0.0251983624398748,0.0107895395200943,-0.00136967768184941,0.00359505650664554,0.00849313784996437,0.00360199751545696
"1487","North Carolina.2008.Female",15,-0.0307472298344056,-0.00957362803863531,0.00999180672096488,-0.00981939029595692,-0.0100476812714027,-0.00320984296982463,0.00326907033914334,-0.00329904912341378
"1488","North Carolina.2008.Female",20,0.0274991133336609,0.0539561806455002,0.0813025491690241,0.0540368234347212,0.00915239731777327,0.017920338299034,0.0265945580851661,0.0180413938498452
"1489","North Carolina.2008.Female",25,0.0369225050542555,0.0646765618462133,0.0929759751272182,0.0651041884742718,0.012598234544528,0.0216843816829488,0.0312720477488679,0.0217420916542655
"1490","North Carolina.2008.Female",30,0.0594949343348153,0.0853169388235479,0.114425709695607,0.0858588992866596,0.0201175038312776,0.0286135884396121,0.0379807574107311,0.0286835641393907
"1491","North Carolina.2008.Female",35,0.119596154463602,0.150094866202458,0.180694974789133,0.149744480986697,0.0399029030841868,0.0498889916929249,0.0606047940288506,0.0500418821525647
"1492","North Carolina.2008.Female",40,0.160163094550693,0.19704976958685,0.235687262415054,0.197518906280248,0.0532388277473645,0.0659035381861421,0.0797005964016176,0.0660189575859038
"1493","North Carolina.2008.Female",45,0.199628796537991,0.24203576931074,0.283109296488767,0.242565009480635,0.0664100935817541,0.0808269730462327,0.0955062075769853,0.0810611028063874
"1494","North Carolina.2008.Female",50,0.260848345731763,0.306619162946404,0.352124711201987,0.30616129152851,0.0863540719870952,0.1022099485418,0.118636146121648,0.102309278649997
"1495","North Carolina.2008.Female",55,0.299953244726994,0.345901299112218,0.3975577717696,0.347109250639925,0.0996534552916092,0.11584894513713,0.133280481374481,0.115991944033591
"1496","North Carolina.2008.Female",60,0.292852971766045,0.349274534592538,0.41348306628982,0.3500561386906,0.0969423255041071,0.116399208166548,0.138667090253395,0.116975014145372
"1497","North Carolina.2008.Female",65,0.33087488892608,0.402089491374794,0.472149347622058,0.40200451548736,0.1120067243569,0.134159212748755,0.157885741035067,0.13428673351307
"1498","North Carolina.2008.Female",70,0.158776027171427,0.225702713911004,0.29200593945247,0.224926889093252,0.0536074683012276,0.0753307896154817,0.0969009075999491,0.0750883120451977
"1499","North Carolina.2008.Female",75,0.0864296146460224,0.15546976227546,0.217750940044692,0.155854810066961,0.0295357744919121,0.0520923907538211,0.0721685184900203,0.0520085690833528
"1500","North Carolina.2008.Female",80,-0.0156515395702728,0.0385559770790357,0.0973440482801183,0.0397960828581304,-0.00522414292660041,0.0127961598935021,0.0313792703132489,0.0132230529984813
"1501","North Carolina.2008.Female",85,-0.398229528441564,-0.277143713775316,-0.172093015344523,-0.279724793700197,-0.137455873100601,-0.0927202725811649,-0.055235639349163,-0.0939084425208275
"1502","North Carolina.2008.Male",0,0.583886442734072,0.694541020578537,0.819579630128407,0.696771659103885,0.12137010787658,0.14213777575691,0.165490853409092,0.142592644595952
"1503","North Carolina.2008.Male",1,0.0306706407933383,0.0521574540200232,0.0746729975096306,0.0523761633021215,0.00626297094369137,0.010720469491654,0.0154918937798681,0.010722410444848
"1504","North Carolina.2008.Male",5,0.00356818748633415,0.0174349849645514,0.0344622089475605,0.017744725669674,0.00075268395058055,0.00356980392096155,0.00698464766261967,0.00363152132142997
"1505","North Carolina.2008.Male",10,0.00331049545725869,0.0186676322013411,0.0362443937195528,0.0190368281844102,0.000680127856796883,0.00381328037220857,0.0074314106125958,0.00389747538727839
"1506","North Carolina.2008.Male",15,-0.0369317350761927,-0.000905866374326985,0.037310923349393,-0.00119934520962954,-0.00772511509531084,-0.000189318929863629,0.00747633375182424,-0.000260834954027276
"1507","North Carolina.2008.Male",20,0.047249569788662,0.102862585978872,0.161637351330703,0.103961105707318,0.00970280378725441,0.0211275781437243,0.0331180066192302,0.0212607531178906
"1508","North Carolina.2008.Male",25,0.123445752575878,0.171561372779772,0.228487229221932,0.172772266671145,0.0253918284903121,0.0352441414728471,0.046503104624255,0.0353612266937099
"1509","North Carolina.2008.Male",30,0.134525155840206,0.178409252912676,0.225362243286681,0.178894259273689,0.0275538221245395,0.0365516563885037,0.0459428957327113,0.0366218500395508
"1510","North Carolina.2008.Male",35,0.126499076877587,0.169785101753268,0.217157801574331,0.170780151755751,0.0260128617278972,0.0348736619434015,0.0441122947635084,0.0349676162096895
"1511","North Carolina.2008.Male",40,0.149063657838933,0.194697336711459,0.240820060523921,0.194685057508337,0.030630294678862,0.0398150562863421,0.0493043194203333,0.0398616936615304
"1512","North Carolina.2008.Male",45,0.232659082991039,0.289855479945369,0.346858905303219,0.289611935653989,0.0477038356341698,0.059223913420634,0.0704328713355267,0.0592957169127246
"1513","North Carolina.2008.Male",50,0.35657095481362,0.422702627969525,0.48542112951486,0.423099527548116,0.0736871152910536,0.0864986086080569,0.0993105674078146,0.0866318232983369
"1514","North Carolina.2008.Male",55,0.536340699547339,0.604474300894055,0.665560699022402,0.603708134519621,0.110009049587586,0.123358553088677,0.137682437240573,0.123633169420403
"1515","North Carolina.2008.Male",60,0.53113786535616,0.60623904395951,0.682244963497749,0.606883929544643,0.109757675449016,0.12404741130514,0.139655150900688,0.124266361808261
"1516","North Carolina.2008.Male",65,0.527145815198676,0.60600031384592,0.675002218712507,0.604996997960377,0.108662150217603,0.124104802548126,0.138620312416292,0.123880045972437
"1517","North Carolina.2008.Male",70,0.268525966686971,0.335901546899741,0.406606270444451,0.336466549142837,0.0551290094226597,0.06872933280119,0.0829719398055604,0.0688796788644044
"1518","North Carolina.2008.Male",75,0.253774074270453,0.321163441104901,0.391779792957057,0.321394650968936,0.0525813456548458,0.0658304765338374,0.0802419221884347,0.065798648725846
"1519","North Carolina.2008.Male",80,0.0616445847661249,0.107469515620822,0.160369469290983,0.108740316107541,0.0127725835277466,0.0220507326723875,0.0325674633559154,0.0222498876737437
"1520","North Carolina.2008.Male",85,-0.0786642806168757,-0.0167888273277745,0.0484834573345576,-0.0158335061810446,-0.0163479066025375,-0.00341439066358331,0.00970132736537001,-0.00329168919400838
"1521","North Carolina.2009.Female",0,0.488938376080498,0.593731330035015,0.708041695565692,0.593180602824396,0.168251733692602,0.199533494179245,0.229298302902962,0.199341057129453
"1522","North Carolina.2009.Female",1,0.00528066732096937,0.0288408684563324,0.0523573337953961,0.0285583676159728,0.00176587647587383,0.00973065071515041,0.0171470510288102,0.0096005230613685
"1523","North Carolina.2009.Female",5,0.000704277417246124,0.017464719815956,0.0361760663469643,0.0179898833108302,0.000230633325805962,0.00598474752160391,0.0122636880126904,0.00605079303440579
"1524","North Carolina.2009.Female",10,-0.00433581798799101,0.0114783475040271,0.0259833737301285,0.0112348536870925,-0.00151486894549288,0.00386119201074098,0.00879884342023419,0.00377256949791336
"1525","North Carolina.2009.Female",15,-0.0327469492838316,-0.0143987852949021,0.00704924605326586,-0.0136213322498477,-0.0112251960615203,-0.00482003133626315,0.00239002775969083,-0.00459465858125683
"1526","North Carolina.2009.Female",20,0.0268141930740741,0.0527030204651168,0.0801077217707658,0.0529818213139003,0.00903198045872895,0.0176788958428748,0.026933410884726,0.0178072942698102
"1527","North Carolina.2009.Female",25,0.0323947493610327,0.0596093952735552,0.0877613167433705,0.0599530052057344,0.0112450898764067,0.0200236668125248,0.029166350872432,0.0201518618395566
"1528","North Carolina.2009.Female",30,0.0464112736599323,0.0737745485019279,0.103500155566236,0.074014995719828,0.0155639409740445,0.0248095176067977,0.0347212132462047,0.0248994771798721
"1529","North Carolina.2009.Female",35,0.108679597594917,0.138970237506159,0.170275924819674,0.138878223364295,0.0363088524109889,0.0467206155428313,0.0576234290609589,0.046715258509868
"1530","North Carolina.2009.Female",40,0.142845063017876,0.179379708801537,0.214383355404066,0.179291845525189,0.0480219952647215,0.0602724067087217,0.0729436567391279,0.0603219657873056
"1531","North Carolina.2009.Female",45,0.170428216702478,0.214692077739955,0.255943789222069,0.214943805572911,0.0577031768883464,0.0722240099030401,0.0871679301480616,0.0723199153110249
"1532","North Carolina.2009.Female",50,0.246632487824179,0.29304136260894,0.340944273675128,0.293148946239225,0.0820094785752551,0.0983678031307432,0.116398638231321,0.0986131998395092
"1533","North Carolina.2009.Female",55,0.270680792061373,0.321236080625467,0.374470443345563,0.321996838828117,0.0916191180948073,0.108305310718581,0.125443933712966,0.108323088730116
"1534","North Carolina.2009.Female",60,0.279351094557527,0.338098818532655,0.397516559869802,0.338131523271963,0.0941997780528429,0.113754916412758,0.13331783918173,0.11370876738993
"1535","North Carolina.2009.Female",65,0.314895933403488,0.386840557733774,0.45100869945359,0.386387067144539,0.107627082423178,0.129964674861847,0.151757250150492,0.12991869743247
"1536","North Carolina.2009.Female",70,0.202303769342422,0.272700095806388,0.341382713698389,0.273018211361845,0.0696676502004883,0.0919217207386072,0.112876517004211,0.0917654160405631
"1537","North Carolina.2009.Female",75,0.081572509063651,0.145188446611579,0.214045914553455,0.146689351584599,0.0280435385709657,0.0489727384914214,0.0711739649464284,0.0492501927281259
"1538","North Carolina.2009.Female",80,-0.00305982209317844,0.0565693324743225,0.118989095303338,0.0568642082770692,-0.00106336081626053,0.0189263328288658,0.0391620276317119,0.0190182509913687
"1539","North Carolina.2009.Female",85,-0.315782202008855,-0.195644182258715,-0.0841523027870455,-0.197714927187151,-0.111001318444409,-0.0657272758279024,-0.0268732150026666,-0.066983670191405
"1540","North Carolina.2009.Male",0,0.570917529951982,0.674677410530652,0.790010274382466,0.674348394573738,0.12690433857084,0.148892725408695,0.170553775866626,0.148515239701848
"1541","North Carolina.2009.Male",1,0.0292767607078949,0.0509785163513876,0.0724900048464984,0.0508559119073539,0.00642835350719116,0.0112501216050625,0.0160255016982698,0.0112057738392283
"1542","North Carolina.2009.Male",5,0.00352387023550249,0.0177741223813393,0.0355215092306,0.0180827688641584,0.000779135791986008,0.00389721158123494,0.00776147661779512,0.00397973803066291
"1543","North Carolina.2009.Male",10,0.00277478209902016,0.0177797334818698,0.0359586931352734,0.018067521587734,0.000631746255152271,0.00391075692497498,0.00797619118674783,0.00397812449071748
"1544","North Carolina.2009.Male",15,-0.0334375113125804,-0.00124697172551237,0.0380294448687063,-9.13299799959063e-07,-0.00731799810010299,-0.000278392106627192,0.00828656426618468,-1.1454079145884e-05
"1545","North Carolina.2009.Male",20,0.0450939816712804,0.0950773405218556,0.14700880097926,0.0959320926972238,0.00996887141264154,0.0208726472933702,0.032174972938605,0.02111300618875
"1546","North Carolina.2009.Male",25,0.123666340363924,0.177587218830109,0.228449100878906,0.177233241728997,0.0276613779500541,0.0390497175515569,0.050471261072238,0.0390368691146312
"1547","North Carolina.2009.Male",30,0.125551661684289,0.170141483227987,0.219765504916747,0.171350526667871,0.0280315074715037,0.037647239327146,0.0482356756841249,0.0377470442253632
"1548","North Carolina.2009.Male",35,0.117460899919567,0.157559161620269,0.200769587074337,0.157959036806172,0.0259655602027105,0.0347010861769639,0.0441292908564961,0.0347983443345403
"1549","North Carolina.2009.Male",40,0.125512268263287,0.171110890817561,0.219437797293449,0.170897588841665,0.0279248098596892,0.0376601885619468,0.0475610416630992,0.0376392014285199
"1550","North Carolina.2009.Male",45,0.221306845810203,0.273530059632156,0.326789826207048,0.272914733773677,0.0490116920857856,0.0600004962155785,0.07176586053106,0.0601087250098416
"1551","North Carolina.2009.Male",50,0.297243290916443,0.35948145139217,0.423315229175672,0.359149019273571,0.0648079547489981,0.0789833382203625,0.0935450710722623,0.0791303475143452
"1552","North Carolina.2009.Male",55,0.449718944651308,0.518098313516047,0.590420545014855,0.518503311839369,0.0990804188929405,0.114542934973403,0.128620297048309,0.114241556767317
"1553","North Carolina.2009.Male",60,0.503698020729555,0.569318851390861,0.647520436298914,0.571168154145792,0.110881381011565,0.125639105698828,0.143143185659511,0.125846340536256
"1554","North Carolina.2009.Male",65,0.510580184216826,0.577796275900416,0.64850681990303,0.578347541286259,0.112498216677858,0.127135019087057,0.14350457754453,0.127424236601287
"1555","North Carolina.2009.Male",70,0.286675204656824,0.355328501872464,0.427069852643655,0.356067226447128,0.0641261865515694,0.0785077116319855,0.0935707966256653,0.078424953571703
"1556","North Carolina.2009.Male",75,0.214825437498028,0.277144490456612,0.342765143075055,0.277388082904757,0.0476308892388373,0.0611970386661033,0.0749067797600591,0.061090840285201
"1557","North Carolina.2009.Male",80,0.0716141172299022,0.118525391850354,0.168348770283917,0.119599553296247,0.0160167893729259,0.026150081568233,0.0368466988133165,0.0263288914788465
"1558","North Carolina.2009.Male",85,-0.124794284340465,-0.0453916309705356,0.0261537350995727,-0.0477631042447694,-0.0284004424726038,-0.010142313886089,0.00576547701866931,-0.0105977790399122
"1559","North Carolina.2010.Female",0,0.401955671007126,0.495534251736141,0.593953104015285,0.496013269555506,0.157255325692821,0.191545288314312,0.225768263207003,0.19143964786535
"1560","North Carolina.2010.Female",1,0.00485020773403054,0.0273029625897201,0.052082558898785,0.0274639023105466,0.0019081370643836,0.0105174571864314,0.020047103323223,0.0105907692317493
"1561","North Carolina.2010.Female",5,0.00210028542104822,0.0187085650012787,0.038289978545749,0.0187854000970395,0.00077800567163764,0.00714956740925969,0.0148854062125172,0.00724744192770626
"1562","North Carolina.2010.Female",10,-0.00398417049277379,0.0110385645233862,0.027515743322092,0.0111850176115061,-0.00159809713633024,0.00431728613999042,0.0105460600357536,0.00431199543429653
"1563","North Carolina.2010.Female",15,-0.0316665365305345,-0.013157843281677,0.0063843380467546,-0.0127449001072595,-0.0126329912855747,-0.00503932909551763,0.00249893970665394,-0.00494741239768211
"1564","North Carolina.2010.Female",20,0.0273679752137262,0.0514304264359116,0.0775355147161138,0.0518550787796666,0.0107512651002077,0.0198474317648373,0.0299303003157868,0.0200192428256866
"1565","North Carolina.2010.Female",25,0.0288824263163349,0.05674498535553,0.084030110716961,0.0567493143734083,0.0113049208007717,0.0219708389111795,0.0321529529425346,0.0219098755479039
"1566","North Carolina.2010.Female",30,0.04165891330526,0.0690816067957956,0.0961785195426755,0.0691132378932155,0.0161215004211561,0.026485396510345,0.0375685162932343,0.0266991550990648
"1567","North Carolina.2010.Female",35,0.0941862472882417,0.12490702177266,0.156180571709487,0.125292941481365,0.0358140807481896,0.0481632669816506,0.0613094749269864,0.0484160148352776
"1568","North Carolina.2010.Female",40,0.116207382649573,0.149775799350113,0.18691184186724,0.150340493237513,0.0450201819126533,0.0575686527860327,0.0728189052620665,0.0580783537125463
"1569","North Carolina.2010.Female",45,0.155284112738646,0.198160236299724,0.240413979008082,0.198309715248952,0.060165225733108,0.0767714682025451,0.0927176360052503,0.0766493441847264
"1570","North Carolina.2010.Female",50,0.220458877551702,0.266864476964859,0.318819067701923,0.267065662570048,0.0856579401833522,0.102564506647778,0.123491912079705,0.103169640453254
"1571","North Carolina.2010.Female",55,0.251388490674744,0.30022160587922,0.351091759216148,0.300709240136952,0.0963295931456448,0.115581413715554,0.136630383881132,0.11620363963921
"1572","North Carolina.2010.Female",60,0.249392423886454,0.30541137162704,0.363901564019639,0.305434600021337,0.0969331730540449,0.117757525478427,0.141137359018261,0.117972557864928
"1573","North Carolina.2010.Female",65,0.282898135361578,0.34935800874071,0.413133688408612,0.350243297458756,0.109572334383004,0.134850643167276,0.162076720995582,0.135284417667818
"1574","North Carolina.2010.Female",70,0.210316704010232,0.277926701099543,0.346236629119935,0.278535539792791,0.0824792643302734,0.107148613894259,0.133606782473923,0.107508635004803
"1575","North Carolina.2010.Female",75,0.10058498101778,0.163042081504553,0.228973282311991,0.162958785035195,0.0395590609532842,0.0628212870393173,0.0877821042493316,0.0628300985159919
"1576","North Carolina.2010.Female",80,-0.0148634803409543,0.0426563600578058,0.101492134962277,0.0427761210000691,-0.00577843781998177,0.0164538878123775,0.0378995053079376,0.0163697917704904
"1577","North Carolina.2010.Female",85,-0.424771149974204,-0.309311716522902,-0.187852381026921,-0.30799850619298,-0.17609798227807,-0.119680273406526,-0.0674414418448307,-0.119753209183122
"1578","North Carolina.2010.Male",0,0.453918834140514,0.549591581010453,0.662239585410038,0.550902614492138,0.108124266403582,0.129049901387811,0.152321303191581,0.12937234011219
"1579","North Carolina.2010.Male",1,0.0277860863199182,0.0504246680176112,0.0748914857872309,0.0504609607859997,0.00663857109475967,0.0118605633664816,0.0174913252894832,0.011853847700077
"1580","North Carolina.2010.Male",5,0.00417387107808412,0.0187819032702876,0.0368354717008986,0.0190856633728835,0.00101099475061504,0.00442534418600371,0.00859171644550277,0.00447970110480797
"1581","North Carolina.2010.Male",10,0.00143487862108546,0.0166193832970045,0.0355678311687252,0.0170913807908007,0.000351731670695729,0.00390989859105359,0.00819999782736961,0.0040109215023407
"1582","North Carolina.2010.Male",15,-0.0151078671944682,0.01881974646751,0.057879460987574,0.0198428059384033,-0.00346631429966843,0.00442352624431858,0.0136906257534024,0.00464274009455289
"1583","North Carolina.2010.Male",20,0.0482540366721194,0.0967864705514806,0.149576151064083,0.0977657166596795,0.0115007600606574,0.0227668178797381,0.0348925615059585,0.0229560617425656
"1584","North Carolina.2010.Male",25,0.125478334204615,0.176217540238041,0.231732355421197,0.176098107404591,0.0297750611777299,0.0412393089330373,0.0537930454197001,0.0413497876446506
"1585","North Carolina.2010.Male",30,0.121055905453789,0.166166373599351,0.213935368465079,0.166690145081312,0.0285989915373304,0.0390772255511741,0.0503283387661796,0.0391549125888985
"1586","North Carolina.2010.Male",35,0.107922169607469,0.145074775622731,0.189035293077537,0.146218497136386,0.0253285899620353,0.0340931915191819,0.0442111960581504,0.0343461395176194
"1587","North Carolina.2010.Male",40,0.103677835934476,0.148246324646601,0.194086153882349,0.148438983902948,0.0247942930226605,0.0347131572532217,0.0451385316503863,0.0348569188658561
"1588","North Carolina.2010.Male",45,0.182429161889313,0.233353686733135,0.28329640846503,0.23350832808537,0.0428064142872249,0.0549730880187823,0.0668382580222763,0.054857724832001
"1589","North Carolina.2010.Male",50,0.262616053036658,0.32445895806901,0.384703137691593,0.324151255787621,0.0624394244114164,0.0761900687340969,0.0907544511177618,0.0761552380877361
"1590","North Carolina.2010.Male",55,0.408932321113293,0.46898326602388,0.538784830689959,0.470022093860901,0.0963345925623122,0.109995342814721,0.125782622131952,0.110427271184382
"1591","North Carolina.2010.Male",60,0.508805689960575,0.57957162428529,0.649890303369418,0.579034839992604,0.11981542894815,0.1356222439947,0.152554301811126,0.136046938828426
"1592","North Carolina.2010.Male",65,0.448899999539011,0.519310056384374,0.594402104138503,0.520705320810534,0.105455966262625,0.122018582758741,0.139480558521133,0.122330239056249
"1593","North Carolina.2010.Male",70,0.296980307644874,0.361606882118535,0.438485431711564,0.362853699795844,0.0702873609520675,0.0849059570614997,0.10205304857744,0.0852147167015482
"1594","North Carolina.2010.Male",75,0.193923893127331,0.25307008075825,0.319401949323776,0.254350117493263,0.0462735913651826,0.0595150625111043,0.0744234095124461,0.0597337070967857
"1595","North Carolina.2010.Male",80,0.0815238805699652,0.130230965881645,0.179653971311997,0.131090628786646,0.0193348807648149,0.0307282089181144,0.0421454166350009,0.0307785653438206
"1596","North Carolina.2010.Male",85,-0.0872410046286276,-0.0100885091580746,0.0646222012298492,-0.010537986905027,-0.0209273880417306,-0.00236888550256071,0.0150251119206793,-0.00256777200450589
"1597","North Carolina.2011.Female",0,0.377317244244785,0.46781454415032,0.563924614821536,0.468244887868657,0.155912835872069,0.192134479014194,0.230944318278166,0.19285204862218
"1598","North Carolina.2011.Female",1,0.00309513414822876,0.0269031431363665,0.0519707857456859,0.0270351250299397,0.00132368054518152,0.0110835875502851,0.0215308964439117,0.0111302825480341
"1599","North Carolina.2011.Female",5,0.00162325948141613,0.0187526193046574,0.038569740056376,0.0190571440544375,0.000627485247011084,0.00778302734554203,0.015932765076304,0.00784417794787962
"1600","North Carolina.2011.Female",10,-0.00472875243571768,0.0111908246526965,0.028007214107037,0.0110250237236962,-0.00196614959481006,0.00460370529098343,0.0113894051884806,0.00453125453629653
"1601","North Carolina.2011.Female",15,-0.0291601437264384,-0.00990926229004177,0.00929027493229974,-0.00978750682074282,-0.0122964109450622,-0.00408793211752074,0.00364417560903464,-0.00405986644231033
"1602","North Carolina.2011.Female",20,0.0203249722914343,0.0449092956772424,0.0719601445280274,0.0451160632409725,0.00836989925852547,0.0184706536265122,0.0291322592366335,0.0185815868814554
"1603","North Carolina.2011.Female",25,0.0260306771273179,0.054744597657284,0.0828074937509756,0.0548103967580048,0.0107577005974021,0.0226199789263882,0.0343001079745637,0.022578825608672
"1604","North Carolina.2011.Female",30,0.0254054048492926,0.0545081283705012,0.0859155528598922,0.054843232021927,0.0107039693514083,0.022498654648966,0.034991801800099,0.0225793947009238
"1605","North Carolina.2011.Female",35,0.0819875773092936,0.114106829914073,0.145236159639444,0.113973047961215,0.0337631206194182,0.0469096951153684,0.0609251526957765,0.0469822392070164
"1606","North Carolina.2011.Female",40,0.100138636236433,0.132650482000348,0.172215083005606,0.133026939316425,0.0409845401035503,0.0544872471161744,0.0702679049633519,0.0548042699359471
"1607","North Carolina.2011.Female",45,0.145349406130177,0.186937675647651,0.228166014329212,0.186732526272903,0.0590298385861695,0.0766705171472589,0.0943284978491212,0.076973564195672
"1608","North Carolina.2011.Female",50,0.201029512085042,0.246793516861964,0.294515329864596,0.246525570963671,0.0809453028795566,0.101495802909239,0.121614998287233,0.101606857118607
"1609","North Carolina.2011.Female",55,0.232293016966494,0.284535364173416,0.335459663048097,0.284329033112947,0.0964011521275041,0.117214013921951,0.13915511835735,0.117158581208605
"1610","North Carolina.2011.Female",60,0.231516490540736,0.28437973961054,0.338961038741137,0.284522887455794,0.0947801844232966,0.117192604117891,0.140420744507843,0.117237167292838
"1611","North Carolina.2011.Female",65,0.254461078446123,0.318210711655646,0.388329961657311,0.318932748831671,0.104565397675178,0.130827050875426,0.157738225956906,0.131361242679419
"1612","North Carolina.2011.Female",70,0.184182570832959,0.254363352931672,0.322021428113343,0.253525158370642,0.0770370051132571,0.104522939940052,0.131178834145834,0.104370287856038
"1613","North Carolina.2011.Female",75,0.105550557149198,0.176105292979622,0.235513130845648,0.174610746346239,0.0432465064663915,0.0723014791886261,0.0963415226601999,0.0718564148204398
"1614","North Carolina.2011.Female",80,0.000818346661585613,0.0589158989866906,0.118031993492345,0.0586384421139265,0.000347748953751619,0.0241758066314499,0.0475185983651952,0.0240025234923857
"1615","North Carolina.2011.Female",85,-0.419900090090733,-0.295282815368533,-0.181630845067424,-0.294981218355601,-0.184156016764638,-0.121013477680847,-0.0698842954939826,-0.122390852210098
"1616","North Carolina.2011.Male",0,0.424917160655466,0.525069673482161,0.632556827250403,0.525709778006629,0.105111250210844,0.127972158235013,0.153209682380606,0.128365244304995
"1617","North Carolina.2011.Male",1,0.0246586598819105,0.0489661483506908,0.0732900339439902,0.0490305235984988,0.00607056605265165,0.0119621149213285,0.0178354033112582,0.0119782479494253
"1618","North Carolina.2011.Male",5,0.00467131291957787,0.0201714772730213,0.038242134127934,0.0204565584803803,0.0011604060334776,0.00492803595728095,0.00921434984719809,0.0049951826125271
"1619","North Carolina.2011.Male",10,0.000584698910415322,0.015693615247739,0.0340267381791611,0.0160296836861507,0.000148268290440437,0.00381167417033842,0.00832057010925962,0.00391430776295184
"1620","North Carolina.2011.Male",15,-0.00311082372354977,0.0309786296741796,0.0689060071748612,0.0324961347621025,-0.000765856045399688,0.00758814491275635,0.0165634372999248,0.00792319836057973
"1621","North Carolina.2011.Male",20,0.0629246657436446,0.109267778150136,0.159132162753996,0.109708941464435,0.0157140821866347,0.0265586800752008,0.0391108493078347,0.0267922099654448
"1622","North Carolina.2011.Male",25,0.104067720894018,0.151943465572185,0.209292771216827,0.15255654948907,0.0256228370891438,0.0371876046911714,0.0499229761734597,0.037248162416902
"1623","North Carolina.2011.Male",30,0.113796015243016,0.158210659659103,0.203583853208575,0.158439401835838,0.0277020856164461,0.0387761625519732,0.0497582558282719,0.0387062157241594
"1624","North Carolina.2011.Male",35,0.0919510925869225,0.132364908530174,0.177489634340883,0.132639394027755,0.0226475375412796,0.032302001742531,0.0428268154335285,0.0323930302313096
"1625","North Carolina.2011.Male",40,0.0829057559421916,0.125451044619065,0.16911916315518,0.126041785081212,0.02051243336858,0.030630915108397,0.0411773865779391,0.0307699968189146
"1626","North Carolina.2011.Male",45,0.141495865426496,0.194595633288319,0.245514745308564,0.194723830383508,0.0347578768748964,0.047436153910917,0.0603052375421436,0.0475605328594613
"1627","North Carolina.2011.Male",50,0.243200171840727,0.299683132535172,0.36404816098059,0.299434878694579,0.0597133448737464,0.0731803006439833,0.0886505648167506,0.0731394400433517
"1628","North Carolina.2011.Male",55,0.379899582905742,0.448082079185794,0.511517608396668,0.448519989173498,0.0944755403796383,0.109486430473483,0.125149354008732,0.109583685561604
"1629","North Carolina.2011.Male",60,0.487308536829301,0.553420005279919,0.62169721237265,0.554428521358967,0.12025385329439,0.135177195750534,0.151822687349826,0.135459562851558
"1630","North Carolina.2011.Male",65,0.493752395084992,0.567474552737429,0.645551529600736,0.567879032111565,0.121199250826076,0.138580578958894,0.157746899506836,0.138738341282569
"1631","North Carolina.2011.Male",70,0.331917259274518,0.39619062433242,0.470979938681769,0.398248852147532,0.0816644219166989,0.0967310976885947,0.114161464678928,0.0972691461877855
"1632","North Carolina.2011.Male",75,0.176058108949834,0.237870407837078,0.296842649989126,0.237417082180731,0.0432817251454303,0.0579508127576949,0.0724983192506049,0.0579783755798102
"1633","North Carolina.2011.Male",80,0.0653742545381848,0.117919486217717,0.170308647006074,0.117828682872403,0.01583894023714,0.0289965502734773,0.04149864423934,0.0287654449178354
"1634","North Carolina.2011.Male",85,-0.132195756218438,-0.0457201888269681,0.0264214516637033,-0.0469388356513275,-0.0332157586621358,-0.0113224920596831,0.00634594025993238,-0.0115803254311846
"1635","North Carolina.2012.Female",0,0.3555413915654,0.449301807898372,0.540884874913988,0.450070113647518,0.160601645311608,0.196806463746409,0.237339016805381,0.197815760634109
"1636","North Carolina.2012.Female",1,0.00222135190206735,0.0265322295561488,0.0540069193163465,0.0266062896253744,0.000988836190216477,0.011632993274166,0.0235117073038297,0.0116901942378801
"1637","North Carolina.2012.Female",5,0.000888566709140376,0.018815913198367,0.0405967316699729,0.019342192420628,0.000388337122377901,0.00826983745273199,0.0176835755575564,0.00848257321990274
"1638","North Carolina.2012.Female",10,-0.00625675539371456,0.0104846065085773,0.0260919284813095,0.0103893435444218,-0.00270177907750826,0.00462117628881945,0.0117274037521389,0.00456165393367647
"1639","North Carolina.2012.Female",15,-0.0245585882700806,-0.00454416768556506,0.0137654694562242,-0.00475813784152328,-0.0111701800588587,-0.00202953398874101,0.00616796491822619,-0.00211497343641898
"1640","North Carolina.2012.Female",20,0.0203286260702856,0.0453454661647046,0.0720687022130815,0.0458861135024317,0.00902433572279714,0.0197237338361552,0.0322944838343512,0.0201796859998999
"1641","North Carolina.2012.Female",25,0.025790501810899,0.0550852059708426,0.0850643790956625,0.055569947642338,0.0115150938066641,0.0242423266923577,0.0374804814811591,0.0244359096494357
"1642","North Carolina.2012.Female",30,0.0159326119431586,0.0469194241767445,0.0777007045215912,0.0468533340866193,0.00706755645527804,0.0204826203206549,0.0343307368651029,0.0205836494735942
"1643","North Carolina.2012.Female",35,0.0713161269315984,0.104027192142486,0.14036537795157,0.105050577909042,0.030767544406898,0.0458979089450655,0.0623612844266142,0.0462125418748833
"1644","North Carolina.2012.Female",40,0.0898101971107221,0.124150271012615,0.16351770944648,0.125643405573808,0.0398859832046227,0.0549887702848103,0.07327408428723,0.0552508941951253
"1645","North Carolina.2012.Female",45,0.13129678579183,0.172600141592373,0.215912075020559,0.173054008431288,0.0573277343704033,0.0756698459396783,0.0967055387173567,0.0761456611302631
"1646","North Carolina.2012.Female",50,0.199362179964205,0.249940005997879,0.299498254732132,0.250278809211832,0.0881978991302913,0.109873528110528,0.133123004271709,0.110104684031808
"1647","North Carolina.2012.Female",55,0.231116481059584,0.279946777571798,0.33140637976473,0.279779995874158,0.0994535240014564,0.122838524761511,0.150265785183754,0.123127839027955
"1648","North Carolina.2012.Female",60,0.225122365934654,0.280933380084073,0.334603684902257,0.281105633915145,0.0993332708605318,0.123471269547694,0.147308036505887,0.123665861633995
"1649","North Carolina.2012.Female",65,0.214518183987483,0.275063814814207,0.339077931137352,0.274683385983817,0.0942471295667564,0.120587356160478,0.149055487620993,0.12082493478914
"1650","North Carolina.2012.Female",70,0.171903428881743,0.241379039062033,0.309766956185782,0.241406536689495,0.0762271570862362,0.106139267202845,0.13655657879806,0.106144455218066
"1651","North Carolina.2012.Female",75,0.0925969350921615,0.157958313933893,0.220332931198315,0.1575636297981,0.0418253164722735,0.0690815438118808,0.0946933121882564,0.0691933942379111
"1652","North Carolina.2012.Female",80,-0.0316159142383981,0.0256335236115691,0.0866658386010347,0.0261874044925389,-0.0141506632291437,0.0112562862252042,0.0375734822708333,0.0113342721196786
"1653","North Carolina.2012.Female",85,-0.398230961627759,-0.287857978065745,-0.16974200578162,-0.288237182314842,-0.188498093677487,-0.126494151772238,-0.0704607867934138,-0.127638991970905
"1654","North Carolina.2012.Male",0,0.443694950719817,0.54022740975703,0.643837928287048,0.540744930990104,0.109017901169481,0.131552388858643,0.15287187118546,0.131280670831329
"1655","North Carolina.2012.Male",1,0.0212575506768973,0.0475334245023323,0.0732098437900401,0.0473949321490459,0.00521510760657053,0.0116052611547574,0.0176082463105555,0.0115065167594412
"1656","North Carolina.2012.Male",5,0.00592611810270906,0.0214159812106442,0.0415402815785927,0.0219435495556457,0.00147492860602711,0.00520997984243747,0.0100897778653849,0.00532584472111585
"1657","North Carolina.2012.Male",10,-0.00141084662202778,0.0157831407253584,0.0357654526444435,0.0161929951898888,-0.00033945314879535,0.00380730377382229,0.00873746603781191,0.00393108655029185
"1658","North Carolina.2012.Male",15,0.00324643076268116,0.0401204080621205,0.0780254201460158,0.0401727223231993,0.000808215122314973,0.00956763146826019,0.0189105689163039,0.00975276230772874
"1659","North Carolina.2012.Male",20,0.0670769935482398,0.111640470627809,0.164219255222241,0.112056464897643,0.0158864404043654,0.0271618203724728,0.0394431239386045,0.0271990491258244
"1660","North Carolina.2012.Male",25,0.103342549340336,0.152328712176563,0.209396388627484,0.153289829738189,0.0255861983263615,0.0370387270227985,0.0504470789458745,0.0372090272715012
"1661","North Carolina.2012.Male",30,0.113432132983369,0.164407855227519,0.218695510817897,0.165094440286699,0.0279019643327456,0.0397907338154724,0.0530770622924008,0.0400964937006382
"1662","North Carolina.2012.Male",35,0.0848999910534605,0.127493260292094,0.174049212761264,0.128140438074955,0.0209877100754228,0.0309046306151959,0.0421368371311568,0.0311143101754282
"1663","North Carolina.2012.Male",40,0.0803321427545114,0.122905410442423,0.169386674988679,0.1237752520677,0.0197643081158142,0.0299073641052792,0.0412285665365256,0.0300513737691458
"1664","North Carolina.2012.Male",45,0.15048639845246,0.200628095849045,0.256565594641451,0.201341784352553,0.0370915636054017,0.0485265768214631,0.0620636148175934,0.0488788042360264
"1665","North Carolina.2012.Male",50,0.210351375605593,0.270675794925093,0.330468868082731,0.27079178133182,0.0515377340391209,0.065893843960481,0.0801397303026755,0.0657447949544407
"1666","North Carolina.2012.Male",55,0.347887681018007,0.412849731325352,0.478647607300325,0.413590630947533,0.084410493676176,0.100335902540714,0.116627801505452,0.100453067383342
"1667","North Carolina.2012.Male",60,0.461362884505916,0.540503970911237,0.611139808260049,0.539065651537535,0.112812793888811,0.130724698880783,0.149115799949191,0.130926407440704
"1668","North Carolina.2012.Male",65,0.507209923186337,0.582543488267671,0.656215570964277,0.582667453171094,0.123323350123722,0.141719619044197,0.158893264672065,0.141522066214049
"1669","North Carolina.2012.Male",70,0.321335441538576,0.389824872580662,0.462434868291125,0.3907896343404,0.0791613335146012,0.0946138436690551,0.111475208051833,0.0948899371958774
"1670","North Carolina.2012.Male",75,0.212866275794174,0.274577321769036,0.349986432059577,0.27594234603051,0.052461555306809,0.0666245014536451,0.0841837699785882,0.0669975545491665
"1671","North Carolina.2012.Male",80,0.0686092187526747,0.12181605151648,0.182178294265005,0.122527079328308,0.0167746149388579,0.0295945312025283,0.0435947530107895,0.0297166904051137
"1672","North Carolina.2012.Male",85,-0.105713891423472,-0.026565430927081,0.0504283041115867,-0.0267090851801528,-0.026318497787923,-0.00650186534002855,0.0120417664544293,-0.00659645759116512
"1673","North Carolina.2013.Female",0,0.351923086929552,0.451554426097378,0.564999635894235,0.451375504638414,0.153197881665621,0.193952756735005,0.235350167142232,0.193877842460811
"1674","North Carolina.2013.Female",1,-0.00100973734748229,0.0269597219970752,0.055783794159398,0.026971047506819,-0.000428174356232824,0.0115961448104779,0.0243471920923772,0.0115787948987902
"1675","North Carolina.2013.Female",5,0.000599818277374296,0.0189060349115762,0.0413285803733803,0.0195059371259781,0.000268126568778805,0.00806404159255267,0.017555562406577,0.00834788802736192
"1676","North Carolina.2013.Female",10,-0.0070308701757708,0.0100867431618797,0.0281340636296793,0.0100645717185548,-0.00307022801258559,0.00437241601059398,0.012031548096596,0.00431231748475107
"1677","North Carolina.2013.Female",15,-0.0206717357004056,0.00104753741875892,0.0218248181331028,0.000595844963450293,-0.00925735481629769,0.000421975195369126,0.00936456444023951,0.000220003139372037
"1678","North Carolina.2013.Female",20,0.0214978393868579,0.0498801605065618,0.0807931455794857,0.0501215971697405,0.00897943056524409,0.0212912565770586,0.0357909499046019,0.0215551253779896
"1679","North Carolina.2013.Female",25,0.0257173491222033,0.0574589904825179,0.0926032713609757,0.0576452106159671,0.0111316189093069,0.024657848355651,0.0397886452780946,0.0247619263198514
"1680","North Carolina.2013.Female",30,0.0114382523771659,0.0463810970696777,0.0817803102088984,0.0466357905359286,0.00501682632392036,0.0200231127962708,0.0353267378382525,0.0200291028077965
"1681","North Carolina.2013.Female",35,0.061330068505488,0.101573852580078,0.141817979474742,0.100469469946862,0.0267072790036339,0.0432415529314489,0.0606648400340659,0.0431853023462247
"1682","North Carolina.2013.Female",40,0.0827392255576397,0.121613370629863,0.164612880766547,0.122028982575066,0.0355506182560999,0.0520577082239123,0.0705230697199689,0.0524605798231751
"1683","North Carolina.2013.Female",45,0.122046674940562,0.170413457856981,0.224108004818733,0.170669395741381,0.0512889910085104,0.0734825893504826,0.0954443441118884,0.0733633155324389
"1684","North Carolina.2013.Female",50,0.19033940544118,0.245231315061191,0.308985525879528,0.245828685959657,0.0814335145481948,0.105364688198266,0.134594435620322,0.105696415321274
"1685","North Carolina.2013.Female",55,0.209875319726724,0.2693809951609,0.337803721752371,0.270057276685478,0.089995612054123,0.115761190524059,0.143435554886865,0.116091731674025
"1686","North Carolina.2013.Female",60,0.226315969288639,0.289439655055995,0.349851217599794,0.288834355063095,0.0979987815545265,0.124016980504799,0.152672206174082,0.124163150842483
"1687","North Carolina.2013.Female",65,0.189492960795277,0.263129294008869,0.333622835378699,0.263590900096625,0.08249677083864,0.112850446485945,0.14299948707269,0.113226823972831
"1688","North Carolina.2013.Female",70,0.140328657629353,0.220561452276194,0.300470264419866,0.220450220588212,0.0617759295174477,0.0947354385918367,0.12810630875208,0.0946323225029151
"1689","North Carolina.2013.Female",75,0.0770888895744703,0.149564053807046,0.225086938313608,0.149607694893129,0.0340445813382743,0.0641448483969786,0.0963423722860584,0.0641438993897652
"1690","North Carolina.2013.Female",80,-0.0263062087990321,0.0427881664473646,0.110346128645067,0.0433833117211165,-0.0112920222042696,0.0184998322355357,0.0481952285210524,0.0183696248260507
"1691","North Carolina.2013.Female",85,-0.330042934116024,-0.208429864039871,-0.0787691116907849,-0.207274158881254,-0.1520664535431,-0.0893725674036978,-0.033044504344309,-0.0900161667479067
"1692","North Carolina.2013.Male",0,0.390558322467814,0.495305578697993,0.604303100976505,0.496878812889814,0.0964133155600243,0.121046845288467,0.14517046116983,0.120680826264946
"1693","North Carolina.2013.Male",1,0.0182034531981443,0.0455423162478958,0.0736058234872557,0.0452435221264979,0.00454301546494612,0.0110513368061139,0.0177327905287355,0.0109896152324663
"1694","North Carolina.2013.Male",5,0.00529087745147257,0.0216509076820736,0.0437762362733787,0.0221997432137571,0.00127768073136179,0.00524147342402795,0.0104880411254914,0.00538972277669284
"1695","North Carolina.2013.Male",10,-0.00276319011097846,0.015265826904643,0.0373254771136947,0.0158994669543672,-0.0007030330304575,0.00368832830825925,0.00916677058218756,0.00386368805109344
"1696","North Carolina.2013.Male",15,0.0220077421082604,0.0648960092241085,0.110477079281241,0.0649617474013432,0.00553621664340974,0.0156749792102146,0.0269991383183786,0.0157691021900856
"1697","North Carolina.2013.Male",20,0.0724931716238249,0.129430976573032,0.186711455925962,0.129618080036554,0.0177036021617325,0.0312343279865307,0.0452391384739683,0.0314625194435712
"1698","North Carolina.2013.Male",25,0.114023490472909,0.169837373093407,0.23685754452652,0.171299304664331,0.0277926180562466,0.0414489715403799,0.0564129565867124,0.0415956169809411
"1699","North Carolina.2013.Male",30,0.141976095963125,0.196094678308528,0.251605515628766,0.19603295618335,0.0350505537347558,0.0478398285776767,0.061087889762971,0.0476409458781597
"1700","North Carolina.2013.Male",35,0.0893208087533233,0.136180273377589,0.187806538039429,0.137352713728416,0.0217440872593807,0.0331615981111598,0.0453194246467248,0.0333655898183549
"1701","North Carolina.2013.Male",40,0.0775457893775921,0.129338139548165,0.185441833428736,0.129810546886893,0.0192204390916987,0.0312863594831898,0.0446214853095188,0.0315299471755662
"1702","North Carolina.2013.Male",45,0.169716244342162,0.233956509375962,0.294032043981639,0.233042388286983,0.0413433530807876,0.0567184918800675,0.0714138435329306,0.0566201654672802
"1703","North Carolina.2013.Male",50,0.183956248097304,0.251509905250854,0.323911728996358,0.251742370501587,0.0447543764759704,0.0610338753727095,0.0790357266464329,0.0611562772905412
"1704","North Carolina.2013.Male",55,0.287208959061853,0.361613039266198,0.436047627280956,0.361135024388792,0.0708502359956748,0.087480370987142,0.104765601674643,0.0877595310605734
"1705","North Carolina.2013.Male",60,0.415342352751521,0.495508344195976,0.577617170399949,0.496517957676989,0.101958678063539,0.120506304679928,0.140636440685204,0.120654711598126
"1706","North Carolina.2013.Male",65,0.480573762186196,0.558616451407155,0.642865578708353,0.558917120392579,0.116657133087923,0.1358661504231,0.155890133393156,0.135837130229639
"1707","North Carolina.2013.Male",70,0.368789795290564,0.44808111603007,0.532419301009099,0.447669538535122,0.0890533531144659,0.109023850367661,0.128252827784685,0.108780738613187
"1708","North Carolina.2013.Male",75,0.160783533942631,0.234579263206911,0.302580412245414,0.234092648120712,0.0395311901465907,0.0570976606134874,0.0734164169681917,0.0568381514958064
"1709","North Carolina.2013.Male",80,0.0559784941528683,0.119107062857452,0.18185664216371,0.118981952529002,0.0136465941177963,0.0288299953834223,0.0442606403292329,0.0288823663075292
"1710","North Carolina.2013.Male",85,-0.0857912462201211,0.00583337850966855,0.0898150846843617,0.00536931194239223,-0.0214681747826033,0.00141907526133208,0.0213113228895207,0.00118335412544124
