list(yb=c(1.00000E+01, 1.20000E+01, 1.20000E+01, 1.20000E+01, 1.30000E+01, 1.30000E+01, 1.40000E+01, 1.40000E+01, 1.40000E+01, 1.40000E+01, 1.50000E+01, 1.50000E+01, 1.50000E+01, 1.50000E+01, 1.50000E+01, 1.50000E+01, 1.60000E+01, 1.70000E+01, 1.70000E+01, 1.80000E+01, 1.80000E+01, 1.90000E+01, 1.90000E+01, 2.00000E+01, 2.00000E+01, 2.00000E+01, 2.00000E+01, 2.00000E+01, 2.10000E+01, 2.20000E+01, 2.20000E+01, 2.20000E+01, 2.20000E+01, 2.30000E+01, 2.30000E+01, 2.40000E+01, 2.40000E+01, 2.40000E+01, 2.40000E+01, 2.50000E+01, 2.50000E+01, 2.60000E+01, 2.70000E+01, 2.80000E+01, 2.90000E+01, 2.90000E+01, 2.90000E+01, 3.00000E+01, 3.10000E+01, 3.10000E+01, 3.30000E+01, 3.40000E+01, 3.60000E+01, 3.80000E+01, 3.80000E+01, 4.00000E+01, 4.10000E+01, 5.00000E+01, 6.30000E+01, 6.30000E+01, 6.50000E+01, 6.80000E+01, 6.80000E+01, 7.00000E+01, 7.40000E+01, 7.40000E+01, 7.80000E+01, 8.20000E+01, 8.30000E+01, 8.40000E+01, 9.00000E+01, 9.20000E+01, 9.80000E+01, 1.02000E+02, 1.02000E+02, 1.03000E+02, 1.04000E+02, 1.06000E+02, 1.08000E+02, 1.09000E+02, 1.10000E+02, 1.10000E+02, 1.10000E+02, 1.11000E+02, 1.12000E+02, 1.12000E+02, 1.12000E+02, 1.13000E+02, 1.13000E+02, 1.14000E+02, 1.14000E+02, 1.16000E+02, 1.17000E+02, 1.17000E+02, 1.18000E+02, 1.19000E+02, 1.20000E+02, 1.20000E+02, 1.20000E+02, 1.21000E+02, 1.21000E+02, 1.21000E+02, 1.22000E+02, 1.23000E+02, 1.25000E+02, 1.25000E+02, 1.26000E+02, 1.27000E+02, 1.27000E+02, 1.28000E+02, 1.28000E+02, 1.28000E+02, 1.30000E+02, 1.30000E+02, 1.30000E+02, 1.31000E+02, 1.31000E+02, 1.32000E+02, 1.32000E+02, 1.34000E+02, 1.34000E+02, 1.36000E+02, 1.37000E+02, 1.37000E+02, 1.37000E+02, 1.37000E+02, 1.38000E+02, 1.38000E+02, 1.38000E+02, 1.39000E+02, 1.39000E+02, 1.39000E+02, 1.41000E+02, 1.42000E+02, 1.48000E+02, 1.49000E+02, 1.52000E+02, 1.53000E+02, 1.53000E+02, 1.54000E+02, 1.55000E+02, 1.56000E+02, 1.56000E+02, 1.56000E+02, 1.56000E+02, 1.57000E+02, 1.57000E+02, 1.60000E+02, 1.60000E+02, 1.62000E+02, 1.64000E+02, 1.64000E+02, 1.65000E+02, 1.65000E+02, 1.68000E+02, 1.69000E+02, 1.74000E+02, 1.76000E+02, 1.77000E+02, 1.77000E+02, 1.77000E+02, 1.77000E+02, 1.82000E+02, 1.82000E+02, 1.85000E+02, 1.86000E+02, 1.88000E+02, 1.90000E+02, 1.92000E+02, 1.96000E+02, 1.98000E+02, 2.01000E+02, 2.02000E+02, 2.03000E+02, 2.04000E+02, 2.05000E+02, 2.05000E+02, 2.07000E+02, 2.08000E+02, 2.10000E+02, 2.10000E+02, 2.19000E+02, 2.20000E+02, 2.20000E+02, 2.22000E+02, 2.24000E+02, 2.24000E+02, 2.32000E+02, 2.33000E+02, 2.33000E+02, 2.35000E+02, 2.40000E+02, 2.44000E+02, 2.44000E+02, 2.46000E+02, 2.50000E+02, 2.52000E+02, 2.53000E+02, 2.54000E+02, 2.54000E+02, 2.64000E+02, 2.69000E+02, 2.69000E+02, 2.69000E+02, 2.82000E+02, 2.83000E+02, 2.83000E+02, 2.92000E+02, 2.93000E+02, 3.13000E+02, 3.15000E+02, 3.15000E+02, 3.19000E+02, 3.20000E+02, 3.20000E+02, 3.25000E+02, 3.28000E+02, 3.29000E+02, 3.30000E+02, 3.32000E+02, 3.32000E+02, 3.32000E+02, 3.35000E+02, 3.37000E+02, 3.38000E+02, 3.40000E+02, 3.41000E+02, 3.42000E+02, 3.46000E+02, 3.48000E+02, 3.58000E+02, 3.59000E+02, 3.60000E+02, 3.61000E+02, 3.61000E+02, 3.65000E+02, 3.69000E+02, 3.79000E+02, 3.85000E+02, 4.04000E+02, 4.06000E+02, 4.09000E+02, 4.17000E+02, 4.18000E+02, 4.18000E+02, 4.28000E+02, 4.31000E+02, 4.33000E+02, 4.33000E+02, 4.36000E+02, 4.37000E+02, 4.38000E+02, 4.38000E+02, 4.44000E+02, 4.47000E+02, 4.48000E+02, 4.48000E+02, 4.51000E+02, 4.53000E+02, 4.57000E+02, 4.57000E+02, 4.61000E+02, 4.65000E+02, 4.65000E+02, 4.66000E+02, 4.83000E+02, 4.83000E+02, 4.84000E+02, 4.87000E+02, 4.89000E+02, 4.90000E+02, 4.91000E+02, 4.94000E+02, 4.95000E+02, 4.96000E+02, 5.00000E+02, 5.00000E+02, 5.03000E+02, 5.06000E+02, 5.07000E+02, 5.07000E+02, 5.07000E+02, 5.09000E+02, 5.12000E+02, 5.14000E+02, 5.14000E+02, 5.15000E+02, 5.17000E+02, 5.17000E+02, 5.19000E+02, 5.20000E+02, 5.20000E+02, 5.21000E+02, 5.22000E+02, 5.23000E+02, 5.23000E+02, 5.24000E+02, 5.24000E+02, 5.25000E+02, 5.26000E+02, 5.28000E+02, 5.32000E+02, 5.38000E+02, 5.41000E+02, 5.43000E+02, 5.48000E+02, 5.49000E+02, 5.52000E+02, 5.53000E+02, 5.58000E+02, 5.58000E+02, 5.58000E+02, 5.59000E+02, 5.59000E+02, 5.59000E+02, 5.60000E+02, 5.61000E+02, 5.62000E+02, 5.63000E+02, 5.64000E+02, 5.67000E+02, 5.68000E+02, 5.69000E+02, 5.71000E+02, 5.73000E+02, 5.74000E+02, 5.75000E+02, 5.77000E+02, 5.77000E+02, 5.77000E+02, 5.79000E+02, 5.80000E+02, 5.82000E+02, 5.83000E+02, 5.87000E+02, 5.90000E+02, 5.90000E+02, 5.93000E+02, 5.94000E+02, 5.95000E+02, 5.95000E+02, 5.97000E+02, 5.97000E+02, 5.99000E+02, 6.05000E+02, 6.06000E+02, 6.08000E+02, 6.15000E+02, 6.19000E+02, 6.25000E+02, 6.28000E+02, 6.32000E+02, 6.32000E+02, 6.33000E+02, 6.40000E+02, 6.42000E+02, 6.43000E+02, 6.45000E+02, 6.47000E+02, 6.47000E+02, 6.52000E+02, 6.55000E+02, 6.65000E+02, 6.69000E+02, 6.69000E+02, 6.79000E+02, 6.82000E+02, 6.87000E+02, 6.99000E+02, 7.09000E+02, 7.09000E+02, 7.32000E+02, 7.33000E+02, 7.40000E+02, 7.42000E+02, 7.48000E+02, 7.64000E+02,     NA,     NA,     NA),